0.0733320179116,0.0441149639098,0.0252215880259,0.0271342315714,0.0786818728632,0.0473467536342,0.021013272654,0.0958779179996,0.021802458914,0.17014666793,0.0281839289722,0.0205039660446,0.0253095668927,0.0216764427106,0.0292266075417,0.0458095566122,0.0414980661964,0.108778839574,0.0252150288671,0.0491262511743
0.074094708316,0.0419528302642,0.0269735914594,0.0292226030884,0.0756914966518,0.0493243358447,0.0218039678309,0.0917597183289,0.0235878796989,0.164753847183,0.0278232263979,0.0218452936938,0.0268838345349,0.0230933488401,0.0309532249468,0.047841167485,0.0430387051076,0.106049820039,0.0245463043832,0.0487600959057
0.0747354788151,0.0398274658016,0.0287972618227,0.0314171180123,0.0726884767851,0.0512953925153,0.0225851740251,0.0876660866768,0.0254752469884,0.159255247917,0.0274194990024,0.0232339993814,0.0285064926125,0.0245601995593,0.0327249861656,0.0498762188779,0.0445591199982,0.10320993913,0.023853869154,0.0483127267592
0.075248525735,0.0377429313888,0.0306898778826,0.0337167210727,0.0696811949059,0.0532509076276,0.023353011636,0.0836070144,0.0274649901875,0.1536680167,0.0269738592314,0.0246672993851,0.0301736538349,0.0260740451007,0.0345369979776,0.0519059113543,0.046051688681,0.100268531335,0.023139986211,0.0477848353529
0.0756289522728,0.0357032290156,0.0326481095912,0.0361196253416,0.0666783009008,0.0551816376852,0.0241035640608,0.0795926058235,0.0295569357128,0.148010366376,0.026487780696,0.0261419602598,0.0318809265943,0.0276314609226,0.0363838466515,0.053921135988,0.0475087308383,0.0972359136869,0.0224071320133,0.0471777855692
0.0758728673947,0.0337122461163,0.0346680364018,0.0386233078427,0.0636886120967,0.0570782279256,0.0248329296074,0.0756329529662,0.0317502895962,0.142301378194,0.0259630902178,0.0276543223263,0.0336234514801,0.0292285726507,0.0382596475597,0.0559125849085,0.048922610453,0.0941232837309,0.0216579713539,0.046493617178
0.0759774681884,0.0317736998584,0.036745177956,0.0412245193867,0.0607210051189,0.0589313356305,0.0255372752591,0.07173800539,0.0340436315472,0.136560779039,0.0254019525025,0.029200332559,0.0353959485953,0.0308610909456,0.0401581062409,0.0578708704848,0.0502858415875,0.0909425961276,0.0208953275694,0.0457350360127
0.0759411026595,0.029891082967,0.0388745368033,0.0439193089395,0.0577843031345,0.0607317573537,0.0262128908499,0.0679174386177,0.0364349211046,0.130808699009,0.0248068475718,0.0307755863473,0.0371927748066,0.0325243557378,0.042072589687,0.0597866501555,0.0515911946651,0.0877064204649,0.020122148697,0.0449053904283
0.0757633105696,0.0280676126576,0.0410506523482,0.0467030623049,0.0548871614971,0.06247055661,0.0268562421351,0.064180524769,0.0389215160782,0.125065415481,0.024180541365,0.0323753772505,0.0390079896486,0.0342133888981,0.0439962061894,0.0616507535716,0.0528318002661,0.084427783685,0.0193414703985,0.044008634276
0.0754448406662,0.0263061841865,0.0432676647728,0.0495705543557,0.0520379549584,0.0641391884344,0.027464021232,0.0605360090925,0.0415002030327,0.119351090572,0.0235260501862,0.0339947535429,0.0408354282416,0.0359229540669,0.0459218917097,0.0634543085274,0.054001247452,0.0811200012064,0.0185563766224,0.0430492771415
0.0749876435063,0.0246093303843,0.0455193872874,0.0525160135287,0.0492446696238,0.0657296172681,0.0280331929749,0.0569919959296,0.044167239106,0.113685509213,0.0228465999206,0.0356285800613,0.0426687792837,0.0376476220695,0.0478425004544,0.0651888621256,0.0550936737728,0.0777965013274,0.0177699590741,0.0420323230888
0.0743948399788,0.0229791883304,0.0477993847344,0.0555331968309,0.0465148026778,0.0672344248365,0.0285610358652,0.0535558473267,0.0469184040288,0.108087825177,0.0221455811452,0.0372716036607,0.0445016659712,0.0393818401251,0.0497508971495,0.0668464937642,0.0561038443928,0.0744706477924,0.0169852766243,0.0409631995882
0.0736706665384,0.0214174740586,0.0501010563367,0.0586154732142,0.04385527262,0.068646905061,0.0290451764974,0.0502340970432,0.0497490608359,0.102576322041,0.0214265014117,0.0389185204483,0.0463277275927,0.0411200029136,0.051640048453,0.0684199168366,0.0570272181762,0.0711555654654,0.0162053157808,0.0398476786752
0.0728203990097,0.0199254658792,0.0524177202572,0.0617559128981,0.0412723423284,0.069961143553,0.0294836165981,0.0470323821025,0.0526542234546,0.0971681954579,0.0206929360685,0.0405640429235,0.0481406995454,0.0428565235232,0.0535031110037,0.0699025664889,0.0578599990804,0.0678639738796,0.0154329533022,0.0386917926459
0.0718502575717,0.0185039965752,0.0547426976184,0.0649473800503,0.038771556749,0.0711720798604,0.0298747520999,0.0439553933436,0.0556286291487,0.0918793621887,0.0199484790116,0.0422029651938,0.0499344896279,0.0445859023445,0.0553335137793,0.071288671344,0.0585991717764,0.0646080330423,0.0146709219264,0.0375017467479
0.0707672961299,0.0171534543979,0.0570693937303,0.0681826262038,0.0363576964224,0.0722755513163,0.0302173839845,0.0410068456979,0.0586668136836,0.0867243001985,0.0191966947124,0.0438302245684,0.0517032486655,0.0463027921174,0.0571250327202,0.0725733077503,0.0592425210233,0.0613992052834,0.0139217800412,0.0362838313526
0.0695792797161,0.015873792476,0.0593913744665,0.0714543818702,0.0340347474368,0.0732683180523,0.0305107209321,0.0381894681725,0.0617631870719,0.0817159228145,0.0184410727677,0.0454409580296,0.0534414338137,0.0480020575482,0.0588718559373,0.0737524358013,0.0597886349294,0.0582481362008,0.0131878859522,0.035044336011
0.0682945537929,0.0146645459733,0.0617024360104,0.0747554440077,0.031805887782,0.0741480694273,0.030754374106,0.0355050128251,0.0649121078513,0.0768654885856,0.0176849860622,0.0470305523434,0.0551438632262,0.0496788281912,0.0605686382441,0.0748229170579,0.0602368927956,0.055164556916,0.0124713771998,0.033789467602
0.066921909391,0.0135248560966,0.0639966665359,0.0780787572923,0.0296734895066,0.0749134127627,0.0309483446572,0.0329542813917,0.0681079540247,0.0721825471223,0.0169316534392,0.0485946868713,0.0568057611604,0.0513285436038,0.0622105442035,0.0757825145523,0.0605874387397,0.0521572089687,0.0117741551761,0.032525274504
0.0654704478753,0.0124534998845,0.0662684987659,0.0814174875015,0.0276391355729,0.075563845823,0.0310930047436,0.0305371677099,0.0713451890399,0.0676749199296,0.0161841075568,0.0501293684607,0.0584227929895,0.0529469901238,0.0637932793355,0.0766298762238,0.0608411427047,0.0492337922977,0.0110978750879,0.0312575783734
0.0639494488518,0.0114489245909,0.0685127527502,0.0847650857246,0.0257036498891,0.0760997149249,0.031189073021,0.0282527136894,0.0746184214881,0.0633487141254,0.0154451683733,0.0516309581148,0.0599910899739,0.054530328952,0.0653131095634,0.0773645034137,0.0609995507646,0.0464009359316,0.0104439411278,0.0299919147296
0.0623682443144,0.0105092854297,0.070724668588,0.0881153425357,0.0238671386903,0.0765221608738,0.0312375856605,0.0260991763214,0.0779224575266,0.0592083660161,0.0147174224801,0.0530961894432,0.0615072640061,0.0560751155472,0.0667668693636,0.077986706405,0.0610648268286,0.0436641902778,0.00981350654939,0.0287334831425
0.060736101628,0.00963248545204,0.0728999291846,0.0914624316832,0.0221290412369,0.0768330551222,0.0312398640002,0.0240741030939,0.0812523453702,0.0552567107993,0.0140032082799,0.0545221791673,0.062968412851,0.0575783106252,0.0681519594152,0.0784975492319,0.0610396879341,0.0410280392894,0.00920747821164,0.0274871074237
0.0590621173908,0.00881621638521,0.0750346734419,0.094800943236,0.0204881877067,0.0770349286148,0.0311974799293,0.0221744131794,0.0846034115235,0.051495074198,0.0133046068242,0.0559064301849,0.0643721166588,0.0590372832955,0.0694663348014,0.078898786104,0.0609273352988,0.038495930319,0.00862652505356,0.0262572058542
0.0573551236443,0.0080579993619,0.0771255005479,0.098125906475,0.0189428621623,0.0771308957456,0.0311122200579,0.0203964818658,0.0879712887256,0.0479233815954,0.0126234379552,0.0572468278787,0.0657164267231,0.0604498070654,0.0707084850023,0.0791927917978,0.0607313832004,0.0360703191417,0.00807108989735,0.0250477711567
0.055623607339,0.00735522459685,0.0791694662292,0.101432803103,0.0174908685651,0.0771245757228,0.0309860496382,0.0187362259023,0.0913519358475,0.0445402802083,0.0119612612795,0.058541630487,0.0669998475808,0.0618140495732,0.0718774070282,0.0793824882816,0.0604557875764,0.0337527274534,0.00754140394175,0.0238623596457
0.0538756434442,0.00670518921843,0.0811640719725,0.104717571577,0.0161295979666,0.07702001343,0.030821077093,0.0171891876886,0.0947416501981,0.0413432699931,0.0113193814046,0.0597894544334,0.0682213136221,0.0631285570034,0.0729725730864,0.0794712696751,0.0601047760136,0.0315438100956,0.00703750330516,0.0227040887789
0.0521188416282,0.00610513262106,0.0831072482982,0.107976603533,0.0148560952155,0.0768216016194,0.0306195198743,0.0157506165432,0.0981370728669,0.0383288392727,0.0106988568166,0.0609892555475,0.0693801613896,0.0643922341675,0.0739938941557,0.0794629274188,0.0596827805339,0.0294434293233,0.00655924699878,0.0215756421762
0.0503603060423,0.00555226886413,0.0849973332028,0.11120673336,0.0136671237598,0.0765340059795,0.0303836722429,0.0144155456148,0.101535187854,0.0354926014839,0.0101005117551,0.0621403071047,0.0704760987124,0.0656043212323,0.0749416807773,0.0793615772722,0.0591943743163,0.0274507335924,0.00610633575258,0.0204792810806
0.0486066074308,0.00504381579553,0.0868330468611,0.114405222064,0.01255922738,0.0761620943235,0.0301158754162,0.0131788633267,0.104933315808,0.0328294299184,0.00952495044178,0.0632421755698,0.0715091717506,0.0667643680314,0.0758166022646,0.0791715894732,0.0586442132135,0.0255642385637,0.00567833117361,0.0194168611927
0.0468637665527,0.00457702071767,0.0886134636321,0.117569736509,0.0115287879485,0.0757108708439,0.0298184904024,0.0120353785659,0.108329103235,0.030333587849,0.00897257305012,0.0642946948669,0.0724797309239,0.0678722068279,0.0766196454028,0.0788975231099,0.058036982667,0.0237819082995,0.00527467478304,0.0183898538123
0.0451372477398,0.00414918253733,0.0903379823218,0.120698325127,0.0105720785542,0.0751854160955,0.0294938737158,0.0109798791184,0.111720508022,0.0279988519542,0.00844359284545,0.0652979399127,0.0733883965842,0.0689279243082,0.0773520735595,0.0785440654808,0.0573773503817,0.0221012349271,0.00489470655041,0.0173993702641
0.0434319613263,0.00375767044436,0.0920062955594,0.123789391099,0.00968531156425,0.0745908331157,0.0291443560617,0.0100071831134,0.115105782103,0.0258186274615,0.00793805398173,0.0662522000548,0.0742360251618,0.0699318334825,0.0780153869737,0.0781159769623,0.0566699249108,0.0205193153554,0.00453768261637,0.0164461886525
0.0417522736479,0.00339993924916,0.0936183590276,0.126841663908,0.00886468139406,0.0739321998597,0.0287722239847,0.00911218346318,0.118483452034,0.0237860539014,0.00745584950608,0.0671579529566,0.0750236763878,0.0708844460664,0.0786112848366,0.0776180416781,0.0559192201224,0.0190329239306,0.0042027919662,0.0155307820797
0.0401020233281,0.00307354157372,0.0951743611694,0.129854170076,0.00810640193213,0.0732145279405,0.0283797044027,0.00828988546706,0.121852298166,0.0218941007879,0.00699673918931,0.0680158393704,0.0757525820655,0.0717864458067,0.0791416296287,0.0770550240651,0.0551296253734,0.0176385802094,0.00388917188192,0.0146533475668
0.0384845426202,0.00277613713748,0.0966746938788,0.132826203767,0.0074067387107,0.0724427275067,0.0279689518863,0.00753543789264,0.125211333034,0.0201356529097,0.00656036686859,0.0688266391422,0.0764241167492,0.0726386631155,0.0796084140458,0.0764316312678,0.0543053811022,0.016332611282,0.00359592206086,0.0138138350221
0.0369026826605,0.00250549941025,0.098119924571,0.135757297842,0.00676203602661,0.0716215779682,0.0275420385013,0.00684415795592,0.128559779499,0.0185035852276,0.00614627705303,0.0695912487053,0.0770397705759,0.0734420512826,0.0800137307239,0.0757524811634,0.0534505594675,0.0151112083134,0.00332211734001,0.0130119757131
0.0353588415854,0.00225951992015,0.0995107699267,0.138647195817,0.00616873930344,0.0707557041918,0.027100946004,0.00621155069474,0.13189704907,0.0169908276232,0.0057539306039,0.0703106602358,0.0776011244058,0.0741976644495,0.08035974487,0.0750220757172,0.0525690496055,0.0139704771636,0.00306681900982,0.0122473098023
0.033854994586,0.00203621050937,0.100848071512,0.141495825105,0.00562341304701,0.0698495577264,0.0266475601573,0.00563332327567,0.135222720792,0.0155904199418,0.00538271935505,0.0709859425775,0.0781098273419,0.0749066374548,0.0806486698192,0.0742447792983,0.0516645470452,0.0129064831137,0.00282908473696,0.0115192126049
0.0323927250862,0.00183370382533,0.102132773398,0.144303271787,0.00512275478459,0.0689074025823,0.0261836669322,0.00510539479448,0.138536520971,0.0142955579134,0.00503197958753,0.0716182239795,0.0785675766334,0.0755701676012,0.0808827454665,0.0734248015372,0.0507405468064,0.0119152898528,0.00260797714402,0.0108269193165
0.030973256355,0.00165025232253,0.103365901837,0.147069757127,0.0046636053985,0.0679333050731,0.0257109503574,0.00462390213064,0.141838303952,0.0130996306396,0.00470100431267,0.072208676645,0.0789760999139,0.0761894983363,0.081064219468,0.0725661842826,0.0498003397121,0.0109929929841,0.00240257111571,0.0101695480377
0.0295974829738,0.00148422603324,0.104548546994,0.149795615911,0.00424295626883,0.0669311272298,0.0252309917885,0.00418520240084,0.145128034108,0.0119962503911,0.00438905435247,0.0727585030483,0.079337139681,0.0767659048048,0.0811953310644,0.0716727922054,0.0488470114606,0.0101357483789,0.00221195991626,0.00954612098919
0.0282660016887,0.00133410934361,0.105681846691,0.1524812767,0.00385795363247,0.0659045233122,0.0247452703792,0.00378587252926,0.148405769145,0.0109792754887,0.00409536823334,0.0732689239467,0.0796524398965,0.0773006811932,0.0812782973498,0.0707483066041,0.0478834440255,0.0093397957581,0.00203526021255,0.00895558387028
0.0269791412765,0.00119849698932,0.106766972087,0.155127243967,0.00350590054856,0.0648569389647,0.0242551645524,0.00342270641693,0.151671644764,0.0100428270445,0.00381917093075,0.0737411679935,0.0799237345607,0.0777951297673,0.0813153017932,0.0697962219821,0.0469123189888,0.00860147791172,0.00187161610315,0.00839682335818
0.0257369911376,0.0010760894607,0.107805115189,0.157734082106,0.00318425683675,0.0637916125964,0.0237619542878,0.00309271015189,0.154925860707,0.00918130031971,0.00355968151892,0.0741764628428,0.080152738104,0.0782505514859,0.0813084848065,0.0688198449915,0.0459361224406,0.00791725597657,0.00172020225479,0.00786868278575
0.0245394284095,0.000965687983555,0.108797478076,0.160302401239,0.00289063732694,0.0627115785998,0.0232668240576,0.0027930956582,0.158168668169,0.0083893714206,0.0033161197906,0.0745760276254,0.0803411374322,0.0786682380648,0.0812599361552,0.0678222953677,0.0449571511203,0.00728372119515,0.00158022624687,0.00736997606181
0.0233861434584,0.000866189219066,0.109745263701,0.162832844729,0.00262280872799,0.0616196720585,0.022770866266,0.0025212731377,0.161400358538,0.00766200001261,0.00308771192035,0.0749410666752,0.0804905854585,0.0790494653607,0.0811716890073,0.0668065085115,0.0439775195109,0.00669760356635,0.00145093022099,0.0068994999211
0.0222766636618,0.000776579804486,0.110649668139,0.165326078296,0.00237868539197,0.0605185346338,0.02227508506,0.00227484261467,0.164621253409,0.00699442867715,0.00287369524822,0.0752727643799,0.0806026959608,0.0793954879443,0.0810457154246,0.0657752394084,0.0429991676325,0.00615577778088,0.00133159192764,0.00645604460522
0.0212103754448,0.000695930836286,0.111511874142,0.167782780627,0.00215632421822,0.0594106213574,0.0217804004025,0.00205158485165,0.167831695801,0.00638217948267,0.00267332226295,0.0755722810361,0.0806790396086,0.0797075347337,0.0808839231128,0.0647310676112,0.0420238693187,0.00565526681061,0.00122152525574,0.00603840308567
0.0201865445655,0.000623392379342,0.112333045864,0.17020363535,0.00195391891157,0.0582982080903,0.0212876523117,0.00184945186567,0.171032042496,0.00582104828313,0.00248586386302,0.0758407495927,0.0807211410101,0.0799868055657,0.0806881532556,0.0636764030425,0.0410532407894,0.00519324349388,0.00112008032424,0.00564537894513
0.0192043346795,0.000558188069519,0.113114324623,0.172589324256,0.00176979377955,0.057183399446,0.0207976051855,0.00166655723741,0.174222657427,0.00530709720069,0.00231061197171,0.0760792731711,0.0807304766442,0.0802344685875,0.0804601792765,0.0626134924079,0.0400887493656,0.00476703042967,0.00102664320756,0.00527579303443
0.0182628242334,0.000499609862659,0.113856825588,0.174940521645,0.00160239722671,0.0560681370023,0.0203109521467,0.0015011663736,0.177403906011,0.00483664569467,0.00214688157925,0.0762889232614,0.0807084735492,0.0804516583628,0.0802017063818,0.0615444260392,0.0391317221968,0.00437409846385,0.000940635359517,0.00492848902162
0.0173610217564,0.000447012970598,0.114561635258,0.177257889687,0.00145029507951,0.0549542076584,0.0198283193529,0.00135168685306,0.18057615037,0.00440626056676,0.00199401228065,0.0764707384988,0.0806565086535,0.0806394745887,0.0799143717559,0.0604711450133,0.0381833548972,0.00401206402093,0.000861512793374,0.00460233794565
0.0164978796298,0.000399811014087,0.115229809638,0.17954207467,0.00131216385275,0.0538432520154,0.0193502702282,0.00121665896113,0.18373974532,0.00401274520433,0.0018513693734,0.0766257239349,0.080575908645,0.0807989813368,0.0795997452935,0.0593954484191,0.0372447200064,0.00367868550619,0.000788765068614,0.00429624188252
0.0156723064249,0.000357471413502,0.115862373014,0.18179370405,0.00118678404862,0.0527367726837,0.0188773095832,0.00109474649437,0.186895035081,0.00365312831908,0.00171834457409,0.076754850726,0.080467950286,0.0809312067322,0.0792593307644,0.0583190006653,0.0363167752102,0.00337185897577,0.000721914128885,0.00400913682523
0.0148831779012,0.000319511030561,0.116460317226,0.184013384187,0.00107303356199,0.0516361424384,0.0184098875959,0.000984727897961,0.190042350607,0.00332465239807,0.00159435640778,0.0768590561687,0.0803338610911,0.0810371430005,0.0788945673247,0.0572433387421,0.0354003712724,0.00308961324684,0.000660513029411,0.00373999487228
0.0141293467626,0.000285492068062,0.117024601379,0.186201698689,0.000969881250049,0.0505426121617,0.0179484036357,0.000885487781378,0.193182007475,0.00302476204821,0.00147885031903,0.0769392440216,0.0801748202979,0.0811177468149,0.078506831293,0.0561698793672,0.0344962596406,0.00283010459633,0.000604144586803,0.00348782581215
0.0134096512654,0.000255018229529,0.117556151897,0.188359207271,0.00087638071124,0.0494573185254,0.0174932099168,0.000796008843969,0.196314304266,0.00275109238307,0.00137129854859,0.076996285058,0.0799919600658,0.0811739398886,0.0780974381274,0.0550999259608,0.0336050997029,0.00259161117556,0.000552419979218,0.00325167818376
0.0127229227745,0.00022773113656,0.118055862874,0.190486445067,0.000791664306959,0.0483812913796,0.017044614972,0.0007153642301,0.199439521372,0.00250145757274,0.00127119981469,0.0770310178033,0.0797863668501,0.0812066097595,0.0776676445457,0.0540346754074,0.0327274656794,0.00237252724833,0.000504977320364,0.00303063988588
0.012067992356,0.000203306998506,0.118524596667,0.192583922311,0.00071493744999,0.0473154608238,0.016602886943,0.000642710323941,0.202557920168,0.00227383965299,0.00117807883392,0.0770442494152,0.0795590829043,0.0812166107269,0.0772186507389,0.0529752245736,0.0318638531421,0.00217135734303,0.000461480226925,0.00282383840104
0.0114436964956,0.000181453526622,0.118963184665,0.194652124344,0.000645473175444,0.0462606639451,0.0161682566858,0.000577279986,0.20566974251,0.0020663776686,0.00109148571214,0.0770367566708,0.0793111078725,0.0812047649003,0.0767516026401,0.0519225765594,0.0310146851604,0.00198671039392,0.000421616395449,0.0026304406931
0.010848882024,0.000161907083042,0.119372428214,0.196691511873,0.000582607003348,0.0452176512152,0.0157409206926,0.000518376227225,0.208775210504,0.00187735720775,0.00101099523217,0.0770092870322,0.0790434004365,0.0811718633299,0.0762675942136,0.0508776466677,0.0301803180781,0.00181729393301,0.000385096201733,0.00244965283093
0.0102824103266,0.000144430053635,0.119753099641,0.198702521461,0.000525732096489,0.0441870925449,0.0153210438335,0.000465366311502,0.211874526502,0.0017052003686,0.000936206061687,0.076962559763,0.0787568799924,0.0811186671911,0.0757676697379,0.0498412680857,0.0293610469281,0.00166190838246,0.000351651333053,0.00228071938499
0.00974316091123,0.000128808432958,0.120105943371,0.200685566172,0.000474294712692,0.0431695829978,0.0149087619232,0.00041767627357,0.214967873293,0.00154845618656,0.000866739901287,0.0768972670754,0.0784524283323,0.0810459090009,0.0752528260588,0.0488141972736,0.0285571104968,0.00151944148691,0.000321033461318,0.00212292263794
0.00923003439899,0.000114849609019,0.120431677079,0.202641036373,0.000427789947155,0.0421656481696,0.0145041841185,0.000374785836532,0.218055414454,0.00140579153952,0.000802240590166,0.0768140752899,0.0781308913132,0.0809542938468,0.0747240147983,0.0477971190619,0.0277686960494,0.00138886291655,0.000293012963262,0.00197558164534
0.00874195500146,0.000102380335402,0.120730992883,0.204569300627,0.000385757757731,0.0411757492423,0.014107395154,0.000336223711124,0.22113729483,0.00127598253969,0.000742373184005,0.0767136259925,0.0777930804984,0.0808445006134,0.0741821445015,0.0467906514624,0.0269959437322,0.00126921906396,0.000267377692133,0.00183805117811
0.00827787254065,9.124487828e-05,0.121004558548,0.206470706669,0.000347779263889,0.0402002877233,0.0137184574232,0.000301563257537,0.224213641122,0.00115790641299,0.000686823017659,0.0765965371785,0.0774397747591,0.0807171831933,0.073628082715,0.0457953501994,0.0262389506675,0.00115962805167,0.000243931803925,0.0017097205741
0.00783676406344,8.13033261127e-05,0.121253018683,0.208345582444,0.000313473308588,0.0392396098837,0.0133374129129,0.000270418489807,0.227284562556,0.00105053386147,0.00063529476306,0.0764634043718,0.0770717218271,0.0805729716734,0.0730626579873,0.0448117129697,0.0254977747551,0.00105927496159,0.000222494640041,0.00159001252234
0.00741763509804,7.24300501182e-05,0.121476995921,0.210194237166,0.000282493271156,0.0382940109073,0.0129642849995,0.000242440402432,0.230350151609,0.000952921899269,0.000587511491094,0.0763148017142,0.0766896397937,0.0804124734881,0.0724866617864,0.043840183442,0.0247724381993,0.000967407293427,0.000202899667298,0.00147838180049
0.00701952059512,6.45123040901e-05,0.121677092079,0.212016962411,0.000254524118605,0.0373637387666,0.0125990801141,0.000217313598874,0.233410484794,0.000864207148989,0.000543213744618,0.0761512830176,0.0762942185468,0.0802362745333,0.0719008503321,0.0428811550065,0.0240629307761,0.000883330655011,0.000184993475385,0.00137431398266
0.00664148559259,5.74489526293e-05,0.121853889281,0.213814033198,0.000229279682357,0.0364489978383,0.012241789286,0.000194753201902,0.236465623463,0.000783599582902,0.000502158628455,0.0759733827753,0.0758861211465,0.0800449402376,0.0713059463403,0.0419349742877,0.0233692128572,0.000806404684799,0.000168634831261,0.00127732413239
0.00628262563898,5.11493174328e-05,0.12200795104,0.215585709079,0.000206500147275,0.0355499522749,0.0118923895705,0.00017450202625,0.239515614637,0.000710376691001,0.000464118921058,0.0757816171302,0.0754659851349,0.0798390165869,0.0707026406812,0.0410019444303,0.0226912182066,0.000736039204076,0.000153693789444,0.00118695549323
0.00594206700682,4.55321318741e-05,0.1221398233,0.217332235199,0.000185949739904,0.0346667291448,0.01155084537,0.000156327994685,0.242560491841,0.000643878056829,0.000428882211494,0.0755764847972,0.0750344237802,0.0796190311006,0.0700915939497,0.0400823281733,0.0220288565639,0.000671690594557,0.000140050856762,0.00110277818713
0.00561896672441,4.05245947131e-05,0.122250035429,0.219053843336,0.000167414603047,0.0337994213568,0.0112171096548,0.000140021779424,0.245600275944,0.000583500320992,0.000396250064575,0.0753584679387,0.0745920272565,0.0793854937592,0.0694734379515,0.0391763507216,0.0213820160303,0.000612858395485,0.000127596209808,0.00102438792939
0.00531251245109,3.60615143821e-05,0.122339101161,0.220750752912,0.000150700844169,0.0329480903809,0.0108911250914,0.000125394651666,0.248634975982,0.000528692511819,0.00036603721621,0.0751280329944,0.0741393637575,0.0791388978818,0.0688487771068,0.0382842024295,0.0207505652698,0.000559082113165,0.000116228963135,0.000951404766888
0.00502192221863,3.20845358917e-05,0.122407519493,0.222423171965,0.000135632745521,0.0321127687806,0.0105728250827,0.000112276522915,0.251664589979,0.000478951722549,0.000338070800418,0.0748856314638,0.0736769805488,0.078879720955,0.0682181897744,0.0374060413063,0.0201343555394,0.000509938234999,0.000105856486045,0.00088347184552
0.00474644405892,2.8541442981e-05,0.122455775527,0.224071298082,0.00012205112438,0.0312934625666,0.0102621347296,0.000100514162753,0.254689105737,0.000433819114533,0.000312189608923,0.0746317006438,0.0732054049581,0.0786084254131,0.0675822294984,0.0365419953553,0.0195332225601,0.000465037439439,9.63937657359e-05,0.00082025421104
0.00448535553562,2.53855286962e-05,0.122484341268,0.225695319292,0.000109811832345,0.0304901533865,0.00995897171667,8.99695786252e-05,0.257708501615,0.000392876226318,0.000288243383832,0.0743666643213,0.0727251453074,0.0783254593718,0.0669414261834,0.0356921647576,0.0189469882406,0.00042402199292,8.77628145059e-05,0.000761437646923
0.00423796319582,2.25750281173e-05,0.12249367636,0.227295414913,9.87843832173e-05,0.0297028005598,0.00966324712913,8.05185441733e-05,0.260722747277,0.000355741569026,0.000266092143471,0.0740909334237,0.0722366917878,0.0780312573162,0.0662962871992,0.0348566239102,0.0183754622645,0.000386563324559,7.98921186788e-05,0.00070672755174
0.00400360195555,2.00726074609e-05,0.122484228793,0.228871756357,8.88506995286e-05,0.0289313429703,0.00937486620559,7.20492635522e-05,0.263731804409,0.000322067489059,0.000245605541227,0.0738049066273,0.0717405172821,0.0777262407449,0.0656472984197,0.0340354233287,0.0178184435516,0.000352359769356,7.27161269449e-05,0.000655847857905
0.00378163443154,1.78449042615e-05,0.122456435546,0.230424507885,7.99039684379e-05,0.0281757008244,0.00909372903157,6.4461160081e-05,0.266735627413,0.00029153727995,0.00022666225692,0.0735089709267,0.0712370781352,0.0774108187735,0.0649949252001,0.033228591423,0.017275721601,0.000321134470633,6.61747758234e-05,0.000608539992993
0.00357145023016,1.58621137879e-05,0.122410723192,0.231953827326,7.18475982426e-05,0.0274357772857,0.00881973117805,5.76637784173e-05,0.269734164065,0.000263862525955,0.000209149420088,0.0732035021667,0.0707268148773,0.0770853886968,0.0643396132957,0.0324361361557,0.0167470777276,0.000292633432607,6.02130500123e-05,0.000564561884291
0.00337246520304,1.40976172644e-05,0.122347508466,0.23345986674,6.45942673578e-05,0.0267114599948,0.00855276428921,5.15757902767e-05,0.272727356144,0.000238780660849,0.000192962064385,0.0728888655386,0.0702101529012,0.0767503365145,0.063681789725,0.0316580465899,0.0162322861975,0.00026662371417,5.47805754531e-05,0.000523687006831
0.00318412067771,1.25276478609e-05,0.122267198779,0.234942773046,5.80650581606e-05,0.0260026224818,0.00829271662321,4.61240944889e-05,0.275715140029,0.00021605272626,0.000178002612156,0.0725654160427,0.0696875030973,0.0764060374213,0.0630218635826,0.0308942943355,0.0157311152717,0.000242891755196,4.98312430172e-05,0.00048570347473
0.00300588267065,1.11309907727e-05,0.122170192708,0.236402688605,5.21886686348e-05,0.0253091254788,0.00803947354949,4.124300292e-05,0.278697447263,0.000195461314748,0.000164180388197,0.0722334989196,0.0691592624487,0.0760528562632,0.0623602268028,0.0301448348993,0.0152433281638,0.00022124182703,4.53228608007e-05,0.000450413175405
0.002837241089,9.88871404829e-06,0.122056880433,0.23783975176,4.69006952629e-05,0.0246308181411,0.00779291800593,3.68735044763e-05,0.281674205084,0.000176808683712,0.000151411161599,0.0718934500519,0.0686258145889,0.0756911479628,0.0616972548794,0.0294096089475,0.0147686839191,0.000201494599101,4.12168331062e-05,0.000417630945938
