2,V,0.821189661752,G,4.85909367877e-34,9.92942853815e-19,1.02467156775e-32,0.000760629250144,0.000129870582611,7.05245367954e-55,4.85909367877e-34,0.0021691854554,2.39034638383e-59,0.0165925898924,1.91573847729e-58,1.59661341471e-44,3.8776515598e-20,5.77933027391e-15,0.000508399908352,4.44582733454e-24,0.158649663157,2.8516724925e-12,0.821189661752,1.1300723797e-29,1.00997171239e-35
3,D,0.947862962413,A,1.54689178537e-07,1.54689178537e-07,1.25800257388e-19,0.947862962413,0.00156855555894,7.64072909515e-23,1.91662043147e-06,1.63895051671e-07,1.42478061355e-21,0.00028462483325,2.40275503714e-20,1.32725211205e-16,0.0244280965749,0.0109179298232,0.0011001125849,1.37087002274e-05,0.011693076844,0.0021284335776,2.63885248962e-07,1.4417984323e-17,2.1252209442e-13
4,D,0.958992345863,F,2.57175834206e-23,1.78552065501e-07,7.43982815219e-20,0.958992345863,0.00242327654238,2.57175834206e-23,6.39423146603e-07,6.02239779665e-07,2.58221232057e-22,0.000402380707056,5.22657399981e-21,6.44022928312e-17,0.0111861527438,0.00767915532607,0.002079144478,1.19141517531e-05,0.0155725311556,0.00165083142594,8.47391165637e-07,1.81662330777e-17,9.72660229409e-14
5,N,0.933012462212,L,2.05320933591e-13,1.92417725335e-07,1.99082864752e-18,0.0145273861703,1.58847862845e-05,1.12796778718e-17,0.0134903576013,1.87959041719e-11,5.07272508606e-15,3.51695705608e-07,2.05320933591e-13,2.20173355906e-12,0.933012462212,0.0377409543054,5.85677546258e-06,0.000475120589521,2.53530295456e-05,0.000706080188785,4.65998578493e-11,4.71652757987e-17,1.60680599224e-10
6,D,0.47776507468,D,0.47776507468,1.08801053833e-11,1.83046976354e-23,0.47776507468,0.0123489954993,2.70590608805e-36,2.72378982845e-18,2.31621812193e-05,2.7705456298e-37,0.0370859827569,7.0308633168e-36,1.13300376623e-28,2.0893679564e-09,4.25964574192e-07,0.0114947603072,2.21474134181e-13,0.458787665331,2.38846719541e-06,0.00249154271187,1.80979213432e-22,2.07525415907e-22
7,D,0.787025526336,K,0.00960325783051,9.84864731569e-10,1.38464116111e-21,0.787025526336,0.00692625068741,1.40583025281e-30,1.72625222222e-13,1.62729249445e-05,1.08450161821e-30,0.00960325783051,1.91275375934e-29,9.51047426269e-24,1.62401075578e-06,4.77842659277e-05,0.00716313479535,5.8710683363e-10,0.188894279126,5.47513005136e-05,0.000267117150584,4.23790294516e-20,1.60280327242e-18
8,N,0.918917518046,P,0.0130444763102,2.45786218648e-07,2.6564272365e-19,0.00178283552984,1.76177942303e-06,6.5056350036e-17,0.0641038885735,2.49748264619e-11,3.92079341293e-14,7.28343754635e-08,8.19521715128e-13,1.84094081349e-11,0.918917518046,0.0130444763102,1.12630445781e-06,0.00193461537241,2.38653908826e-06,0.000211072588006,7.39245401518e-12,8.69619414235e-17,2.84736710936e-10
9,D,0.947033585834,K,0.00116764644995,3.41881659737e-07,7.54756161188e-20,0.947033585834,0.00323859659071,1.76014805952e-23,4.54354737435e-07,5.03102134783e-06,1.9749739416e-22,0.00116764644995,2.12175817199e-21,3.86227835142e-17,0.00849519632239,0.00922891310304,0.00358521732977,1.78213734986e-05,0.0254166091224,0.00180619631297,4.39030374631e-06,4.34644102001e-17,8.41106575255e-14
10,D,0.714201664878,M,3.51648778829e-14,2.44570359351e-06,4.11654339116e-19,0.714201664878,0.00168857834753,2.52879342662e-20,0.000154750428569,2.19011703522e-06,8.59666881852e-19,0.000392168508903,8.15406065138e-18,3.51648778829e-14,0.20199632687,0.0626974261014,0.00185137126014,0.000751210577803,0.00880015647065,0.00746099834245,7.12384777862e-07,6.9646138e-16,8.53674668571e-12
11,D,0.92070052962,E,0.00576374932231,3.74670103657e-08,4.50699811725e-21,0.92070052962,0.00576374932231,9.84624033993e-27,5.66389489229e-10,5.93306362646e-05,2.98492156837e-26,0.00607443470258,2.55337242176e-25,4.58543054145e-20,0.000158965962095,0.000455396227819,0.00546377529573,2.86944842112e-07,0.0608235366837,0.000458328163289,4.16284074557e-05,2.01580472754e-18,4.14997113254e-16
12,N,0.927369387889,K,1.19880108508e-06,1.33697166654e-06,1.5425402043e-19,0.0122561134315,1.01982371168e-05,2.11370400387e-17,0.0326938299203,9.50554068029e-09,4.64285628377e-15,1.19880108508e-06,3.54573098291e-14,1.0777168237e-11,0.927369387889,0.0189702258556,1.26960690584e-05,0.00757908313211,3.86392853057e-05,0.00106728026066,5.13127567746e-10,4.284601971e-16,1.17487933664e-10
13,D,0.945047781714,H,0.000108834122534,6.34451661496e-07,2.29838066721e-20,0.945047781714,0.0029227357146,3.21907505318e-23,5.78527726161e-07,0.000108834122534,2.92939168245e-22,0.00248578461884,1.53639267934e-21,9.00800171451e-17,0.00954507608124,0.00540632243953,0.00381007027926,5.05912263328e-05,0.0279072992826,0.00270247704577,1.18144957061e-05,6.98460562117e-17,7.21767476978e-14
14,D,0.583885309377,N,0.317137342694,5.28207516646e-06,1.96949294236e-19,0.583885309377,0.0010030366465,5.25267107937e-20,0.000408261145023,2.63027867891e-05,1.55850482962e-18,0.00051039133149,1.25831799563e-17,6.93417459475e-14,0.317137342694,0.0693197567336,0.00241288675668,0.00437321192186,0.0103366529526,0.0105804753851,1.090186692e-06,8.03261865281e-16,7.61971587331e-12
15,N,0.802304378942,A,3.46841790349e-06,3.46841790349e-06,4.90819863176e-19,0.0925909417382,0.000117578470259,3.63356150827e-18,0.00633020234853,6.53044933731e-07,2.75831486713e-16,3.37491032806e-05,2.2498024301e-15,1.85249325153e-12,0.802304378942,0.0827433053096,0.000266247369482,0.0075146146144,0.00122720715578,0.00686760532172,4.80766872696e-08,1.39141432105e-15,8.52362760447e-11
16,D,0.920340859931,Q,0.00629338484846,7.43346358183e-07,3.47866578633e-20,0.920340859931,0.00256246428668,3.60052558533e-23,5.18713554301e-07,0.000330390258596,2.5071312387e-22,0.00312501410666,1.5671685181e-21,6.25483930309e-17,0.00679636917147,0.00720094298711,0.00629338484846,7.01038774582e-05,0.0491374303994,0.00411481567873,2.69623944811e-05,7.30724065753e-17,6.73430340329e-14
17,N,0.89228006914,G,0.0740178880687,8.25531191477e-07,5.38881536797e-19,0.00387285056414,5.72577303504e-06,1.76057688479e-16,0.0740178880687,7.14771730333e-10,4.86044945175e-14,2.54075467436e-07,1.00938886914e-12,4.39416515772e-11,0.89228006914,0.0245420640298,6.37583218828e-06,0.00436563752392,1.49830386992e-05,0.000893325203076,1.19118529777e-10,3.41960565272e-16,3.40852046914e-10
18,D,0.944692666805,Q,0.0038832799083,1.4429761843e-07,6.33099728276e-20,0.944692666805,0.00465746891846,3.82136115032e-24,3.89946010761e-08,2.93965010999e-05,2.77952098169e-23,0.0022770571361,2.72136955911e-22,3.79636858363e-18,0.00175325898453,0.0035622471746,0.0038832799083,4.59119132702e-06,0.0369137043927,0.00221415632042,1.19893756692e-05,1.05559335387e-17,1.49720027452e-14
19,N,0.638837571773,G,0.00184102269661,2.08662286076e-06,3.65364635151e-18,0.256739672627,0.000782405991135,1.58363853017e-18,0.00184102269661,5.95959331366e-08,1.21591131465e-16,5.5242067556e-05,2.76853531727e-15,4.86289637068e-13,0.638837571773,0.0893364911333,0.000464079126215,0.00111307853363,0.00182042662286,0.00900783076199,3.2396453161e-08,3.42408625799e-16,5.19037950571e-11
20,D,0.780568487114,N,0.139394958823,1.16669913006e-06,1.43613259771e-18,0.780568487114,0.00199125656727,2.33918856999e-20,6.82786898754e-05,6.85806257485e-07,6.25203097351e-19,0.000358035745478,1.24351374344e-17,7.75782855644e-15,0.139394958823,0.0541717849458,0.00173322570344,0.000255149817977,0.0110720321173,0.0103846857196,2.52247325263e-07,1.15296790187e-16,4.18347237921e-12
21,D,0.933735719751,G,8.66616952082e-10,2.19518193697e-08,1.84092778403e-20,0.933735719751,0.00581269824924,3.68142023383e-26,8.66616952082e-10,2.00406984935e-05,1.59559241007e-25,0.00564823417244,1.61526501685e-24,2.45631403574e-20,0.000248458896981,0.00101628871052,0.00477673239134,3.92319187044e-07,0.0478608321719,0.000869848663864,1.07311563411e-05,5.72968698488e-19,8.10553092756e-16
22,G,0.765864053776,L,6.02033174348e-11,1.46872812946e-08,1.4302508818e-20,4.71231061043e-06,1.92523469899e-09,5.30417961433e-15,0.765864053776,2.49259198897e-13,3.79817488682e-12,8.28206827848e-11,6.02033174348e-11,5.43990557249e-10,0.231480958963,0.000648728210525,4.02076013829e-09,0.00199353523578,9.05599164498e-09,7.98055978794e-06,5.63517064347e-15,2.11953019649e-17,5.64237044817e-10
23,N,0.60377900549,R,0.00633236317738,2.574271111e-06,5.61192492224e-19,0.326168041891,0.000341491381968,3.02959567665e-19,0.00114624058838,5.60102999766e-06,1.25093052388e-17,0.000285657322244,9.81145006067e-17,1.19717483952e-13,0.60377900549,0.0508490984616,0.000910212901596,0.00633236317738,0.00350960977553,0.00667000044687,1.03230156693e-07,2.95917885315e-16,3.23342919387e-11
24,N,0.545644509579,Y,6.74594977373e-10,2.66428700631e-07,1.87549789402e-20,8.32331587899e-05,3.42769382702e-08,1.72655775031e-15,0.428538027264,5.7121900013e-10,5.5540487423e-13,7.72912816471e-09,4.83643360239e-12,4.55271856538e-10,0.545644509579,0.00231634912074,2.04825715052e-07,0.0233574405539,3.24250705065e-07,5.9601104086e-05,2.13997848537e-12,2.52478502086e-16,6.74594977373e-10
25,G,0.819964251305,G,0.819964251305,1.42429152515e-08,7.14660542541e-22,1.01772212476e-06,2.78633922542e-10,6.44623686999e-15,0.819964251305,2.22116965186e-12,4.19315937426e-12,4.81056408947e-11,4.16976284061e-11,1.48178730784e-09,0.169131860775,0.000142997129119,2.18740880111e-09,0.0107578042011,2.45863696806e-09,2.0477321336e-06,3.31646928229e-15,2.5001179496e-17,3.89545680019e-10
26,G,0.840669401418,L,1.08909663328e-11,2.6190793384e-08,7.13705974151e-22,1.4107721783e-06,2.79358634183e-10,4.70259980783e-15,0.840669401418,1.91754471796e-11,2.34948903931e-12,8.20358737406e-11,1.08909663328e-11,1.65383596913e-09,0.145387729822,0.000155455115405,2.76336629595e-09,0.0137828272591,5.3013255541e-09,3.13893641219e-06,1.50620164053e-14,8.4879944312e-17,3.7352634837e-10
27,G,0.80330045675,S,2.76570230015e-09,1.5489030463e-08,5.89128239645e-22,1.17303038767e-06,2.13533041543e-10,3.17743055413e-15,0.80330045675,4.6199028085e-12,1.74462773675e-12,4.63133844455e-11,1.12356165759e-11,1.55517106861e-09,0.186824740833,0.000102869937738,1.96900788426e-09,0.00976917575958,2.76570230015e-09,1.56137133919e-06,2.95405007873e-15,3.6518862008e-17,2.61752288671e-10
28,N,0.562109322061,S,1.19084122378e-07,1.02554245931e-07,2.82050586595e-21,3.74414235907e-05,9.56512948479e-09,6.72424644515e-16,0.413804539333,2.90198837268e-10,1.479711642e-13,2.47169150312e-09,9.35594087551e-13,4.1199706962e-10,0.562109322061,0.000667738941809,8.80715708322e-08,0.0233660192372,1.19084122378e-07,1.46163109485e-05,2.19705420585e-13,1.8071898783e-16,2.42513708621e-10
29,G,0.77135825824,M,1.78514308298e-09,1.2379760615e-08,2.14770657884e-21,1.33479541685e-06,2.726784739e-10,6.4579095259e-15,0.77135825824,6.28831909763e-13,2.43569902159e-12,2.58152994711e-11,2.92094248559e-11,1.78514308298e-09,0.224333378284,0.000130539045058,2.06296904617e-09,0.00417502788058,3.4450548314e-09,1.44135286684e-06,1.51911115071e-15,4.19421307809e-17,3.984510647e-10
30,N,0.83285389917,Q,1.89451781881e-07,9.64669026752e-08,2.15175993837e-20,0.000152378719128,5.70364578518e-08,4.0119196232e-16,0.160831047928,6.72244455457e-11,7.43396291203e-14,6.65414698399e-09,7.315026363e-13,1.68630476988e-10,0.83285389917,0.00118652331608,1.89451781881e-07,0.00494661898184,4.07186469892e-07,2.87746215231e-05,2.75319443606e-13,7.56244188361e-17,2.30304816746e-10
31,G,0.618708849435,G,0.618708849435,9.46240352793e-09,3.76519754899e-21,3.01205606613e-06,1.02778652883e-09,5.12943968662e-15,0.618708849435,1.23019451058e-13,1.84311809026e-12,3.82972912472e-11,3.448201047e-11,1.67332052848e-09,0.379144450553,0.000144052524489,3.39418187082e-09,0.00199805875744,3.39225896579e-09,1.55723944555e-06,8.30352830533e-16,1.91595711779e-17,4.09704463677e-10
32,N,0.972893568577,W,7.93603329998e-17,3.67304274959e-07,4.0751303228e-19,0.00476815625734,5.02228916794e-06,4.2910956579e-17,0.0142909441149,6.48734945982e-10,4.91825599987e-15,4.60490631832e-07,8.7098477736e-14,1.08010061024e-11,0.972893568577,0.00578219433517,8.29880032242e-06,0.00200317296491,1.56720869385e-05,0.000232141864258,2.4198508655e-11,7.93603329998e-17,2.31404901655e-10
33,N,0.636981593944,R,0.00105598967917,1.1497763483e-06,5.86992307856e-19,0.335241583758,0.000464602761893,1.25477953365e-19,0.000342498125493,4.44692734607e-07,4.02692844511e-18,0.000194194764372,5.02761167934e-17,5.67641780628e-14,0.636981593944,0.021007813657,0.000729440962333,0.00105598967917,0.00170970702324,0.00227097112859,9.71441241012e-09,5.14929578582e-17,1.26988538782e-11
34,D,0.684482308303,V,3.43820515615e-08,8.72441168267e-07,4.32866971699e-18,0.684482308303,0.0021455859804,2.62974150273e-20,3.71834363554e-05,9.34280789632e-08,1.17177820296e-18,0.000444529693231,3.01942968928e-17,9.27929931227e-15,0.278484794645,0.0257418252364,0.00173014124467,0.000120132949537,0.00420689079502,0.00260560745762,3.43820515615e-08,2.03103681295e-17,7.33938000159e-12
35,D,0.973911583423,E,0.00402028541763,2.06572163153e-08,1.99488048646e-20,0.973911583423,0.00402028541763,1.99335417585e-26,6.39385545883e-10,1.69940960267e-05,1.36430335399e-25,0.00514863541912,1.42239460694e-24,1.07042398829e-20,0.000542671349979,0.000360842296717,0.00335698158612,3.90221580402e-07,0.0124042845312,0.00023618937377,1.12098809612e-06,7.86988054494e-20,4.77878649848e-16
36,N,0.951655192962,M,2.915974142e-12,8.19607187606e-07,2.93707967316e-19,0.0306225272947,2.50694103675e-05,4.54348689338e-18,0.00528139520474,3.61766175603e-08,2.42143481057e-16,4.71754458512e-06,3.04231001402e-15,2.915974142e-12,0.951655192962,0.00925226466178,5.5189807283e-05,0.00242345720903,0.000100680980253,0.000578648645761,4.41333325811e-10,1.25812667973e-16,5.10661638116e-11
37,N,0.931446361081,E,1.39432592916e-06,4.26673455871e-07,1.96977444183e-20,0.00320926010739,1.39432592916e-06,2.39739542725e-17,0.055191349091,1.59255732563e-08,1.32056407202e-15,1.99397996153e-07,1.03256176044e-14,2.93358450647e-11,0.931446361081,0.00387526401811,5.00073849947e-06,0.0060912792002,9.90198765027e-06,0.000169547361792,1.76095962388e-11,1.75796978732e-16,4.47456573016e-11
38,N,0.557340357904,D,5.28594273045e-05,1.0885707701e-07,1.28027669702e-21,5.28594273045e-05,1.10426995954e-08,3.2675132574e-16,0.429739310679,7.75557316144e-10,3.69448496897e-14,1.96796785845e-09,1.94630470032e-13,8.56030374817e-10,0.557340357904,0.000389618436778,9.49887281404e-08,0.0124668276258,1.06758780022e-07,1.07006155752e-05,1.6990551977e-13,1.36230547751e-16,6.41853449285e-11
39,N,0.514755339578,A,1.21402982077e-07,1.21402982077e-07,4.84918622077e-21,6.26351186328e-05,1.60776613692e-08,8.90523343052e-16,0.474952685783,9.46821241981e-10,8.94434549838e-14,2.46642470328e-09,4.34328894632e-13,1.08285842479e-09,0.514755339578,0.000776619536648,1.29627590201e-07,0.00943488885402,1.99509598098e-07,1.73598818356e-05,4.30998596766e-13,2.74164529287e-16,1.32807353313e-10
40,N,0.909810063052,H,3.49449879201e-05,3.99441239856e-06,4.80591891192e-20,0.0333970866105,2.15527535453e-05,3.26043580199e-18,0.0113644461681,3.49449879201e-05,1.06957924735e-16,1.77716536237e-05,3.19164246596e-16,5.24755386561e-12,0.909810063052,0.0104719339398,0.000168434685651,0.0332032027958,0.000276513433457,0.00123004580772,9.66845615966e-09,8.38256472612e-16,2.57734469613e-11
41,N,0.769879331882,T,8.44211682042e-05,4.23512130843e-07,1.67873991162e-20,0.000330084924672,1.90598985642e-07,3.151447176e-16,0.209592675501,1.14433298547e-08,2.35137536124e-14,3.18725793504e-08,1.88980761478e-13,4.02170239769e-10,0.769879331882,0.00324050433615,1.57691757988e-06,0.0168688601573,1.88717325264e-06,8.44211682042e-05,6.50553072815e-12,2.7786549338e-16,1.04631483884e-10
42,N,0.944562477511,A,1.25259037911e-06,1.25259037911e-06,7.24640407671e-20,0.0101916223978,7.75303720322e-06,2.71024828219e-17,0.0201208789169,5.37271640109e-07,8.64625483337e-16,2.56396712181e-06,6.0789716215e-15,9.61451183168e-12,0.944562477511,0.0113490981905,3.95958019371e-05,0.0131907083097,5.81674558841e-05,0.000475344002049,4.62442846999e-10,2.56996550335e-16,7.60795669062e-11
43,N,0.897888311551,V,2.8154822212e-09,1.49567084362e-06,2.55125764726e-19,0.0747979404629,8.2942436373e-05,2.43696514313e-18,0.00273482174518,1.04357093231e-06,6.83844822987e-17,2.53848200376e-05,7.26134850253e-16,7.57945491061e-13,0.897888311551,0.0186112564447,0.000245550945327,0.00376076697382,0.000457822522362,0.00139266001472,2.8154822212e-09,1.05573160354e-16,2.59330007577e-11
44,N,0.963217878547,I,3.01686508491e-15,3.83280676722e-07,2.47265824819e-19,0.00436525353991,2.68935958846e-06,6.62569549676e-17,0.0227710535223,3.20035981367e-09,3.01686508491e-15,2.88075972308e-07,6.36825753916e-14,1.79323116698e-11,0.963217878547,0.00764698900781,9.69143937262e-06,0.00172793839854,1.91149331036e-05,0.000238716569198,2.13231522177e-11,7.58572455088e-17,8.64657350804e-11
45,N,0.938853083755,G,0.0557049046169,6.07837597396e-08,1.19179424783e-19,0.000507488281846,3.68940773131e-07,2.82831909385e-16,0.0557049046169,1.92771222047e-11,2.20862358799e-14,1.43356226396e-08,8.13069567468e-13,7.77570243152e-11,0.938853083755,0.00420940607629,9.71180654282e-07,0.000645348789864,2.00275400759e-06,7.63503024716e-05,2.44177763764e-13,2.21231430638e-17,8.50567975939e-11
46,G,0.514921977415,L,5.82802258947e-11,9.97569652523e-09,2.92801445599e-20,7.83810301319e-06,3.70116295696e-09,1.09437745772e-14,0.514921977415,1.14553089775e-13,1.69319559393e-12,6.59085507045e-11,5.82802258947e-11,4.72176760323e-09,0.48392602354,0.000807269729608,1.32346312387e-08,0.000329034511732,3.86540494784e-08,7.78602738082e-06,2.16759494778e-15,3.17377206207e-17,2.59928229602e-10
47,D,0.962820153186,P,0.000227297404721,3.00246875283e-09,2.40307270289e-20,0.962820153186,0.00974391930359,1.15674789742e-27,1.59796788771e-11,5.71950199725e-06,1.05733930423e-26,0.00757886883936,1.57596320696e-25,9.49832500525e-23,8.14763476114e-05,0.000227297404721,0.00227438471297,1.67104572198e-08,0.0170062377914,0.000261456652616,4.66530965578e-07,1.71998802831e-21,2.1063512939e-17
48,D,0.949402474496,S,0.0162409811893,2.83383456533e-10,8.54392271152e-21,0.949402474496,0.0206318446325,1.68805294063e-30,3.70820291258e-14,3.35287681683e-06,1.41450559383e-29,0.011773761478,1.98191063175e-28,8.19386415111e-26,2.69174712577e-06,3.36722953084e-05,0.00184032005421,1.74215431909e-10,0.0162409811893,6.97288467556e-05,1.17192655225e-06,4.70989788382e-23,2.01715810024e-19
49,D,0.922654287943,G,3.35381643863e-16,4.45939272526e-11,1.35791755789e-21,0.922654287943,0.0273771965623,6.46807656213e-33,3.35381643863e-16,7.61530138948e-06,3.48175017827e-32,0.0316085902524,4.4538558615e-31,1.55796044195e-28,1.84224422683e-07,6.17116257682e-06,0.00199214374757,1.51439091905e-11,0.0163312204662,2.02750702561e-05,2.31521066975e-06,2.14026151651e-24,5.58084178762e-21
50,N,0.775333194817,L,2.75837966287e-11,3.33346923981e-08,3.34983283487e-19,9.64420247327e-05,1.06221040463e-07,4.32852215944e-15,0.22129801148,2.17401287633e-13,5.24290096736e-13,1.00168713382e-09,2.75837966287e-11,1.82004779008e-09,0.775333194817,0.00304978013876,1.83016590052e-07,0.000190377459169,4.78913133535e-07,3.13893259122e-05,2.83021195648e-14,4.07521556092e-17,4.18760830706e-10
51,D,0.976431351698,E,0.00521264993953,5.54470931745e-09,7.46293138005e-20,0.976431351698,0.00521264993953,6.07014308918e-27,5.94736489185e-11,3.95110929419e-06,8.15081910032e-26,0.00629309399008,1.01570479436e-24,1.36442706772e-22,0.000201865695371,0.000323867856571,0.00167772468789,4.12874906901e-08,0.00968633528566,0.000168892037276,2.20808300188e-07,1.20674134403e-21,1.21508090917e-16
52,D,0.936101852898,S,0.00467377851489,1.42450084878e-07,8.72306630364e-19,0.936101852898,0.00330897544644,3.10938145336e-22,7.41871435355e-07,3.92210255332e-07,9.68342920719e-21,0.00086904276458,1.52411302395e-19,1.76259783128e-17,0.047106676831,0.00521881126231,0.00149099083307,1.01641460223e-05,0.00467377851489,0.00121840830784,2.2463768439e-08,3.21125764312e-19,1.41170845563e-13
53,N,0.832188176281,W,5.83548196356e-17,1.26610855288e-07,8.63411291246e-20,0.000191691641778,1.11521846628e-07,1.96770383841e-15,0.164726282471,2.70093857656e-11,1.86657133176e-13,5.82844508021e-09,4.06269040185e-12,5.71884879588e-10,0.832188176281,0.00169349060488,4.77509538678e-07,0.00116787342318,9.67305293899e-07,3.07957730344e-05,2.8592050163e-13,5.83548196356e-17,4.26079277421e-10
54,G,0.646032055543,S,9.53643647246e-09,1.7840999837e-08,2.66139159895e-21,3.4590387539e-06,1.04351000096e-09,1.01870969829e-14,0.646032055543,9.14875946188e-13,1.38248337303e-12,7.73142785628e-11,2.17879478138e-11,8.71929249727e-09,0.352681659337,0.000102541959356,1.11575715119e-08,0.00117882480469,9.53643647246e-09,1.4105180989e-06,1.91516494916e-15,1.90291197071e-17,3.99832803727e-10
55,G,0.813647037492,F,1.23392073404e-14,2.10097823324e-08,8.24840418462e-22,1.29016177972e-06,4.09787063379e-10,1.23392073404e-14,0.813647037492,4.59616787886e-12,1.26887394484e-12,3.59507252806e-11,1.42212590812e-11,1.79874555918e-08,0.18355332225,7.16274981144e-05,8.30332634882e-09,0.00272563421874,7.29530296233e-09,1.03303894758e-06,3.15212841639e-15,6.31141087813e-17,2.79452977514e-10
56,G,0.857071329768,F,8.75955781938e-15,1.87150991433e-08,3.18387478588e-22,6.54089439121e-07,1.7510205148e-10,8.75955781938e-15,0.857071329768,1.79967982541e-11,7.69016963378e-13,2.47197615716e-11,7.48208753344e-12,2.41080174619e-08,0.137246132371,4.56294552879e-05,7.19759384228e-09,0.00563562183329,4.7496836111e-09,5.77313740566e-07,3.13045510091e-15,7.27657445399e-17,1.72582483931e-10
57,G,0.851501676619,A,1.33703258711e-08,1.33703258711e-08,9.49272319003e-23,8.26650093972e-07,1.38371109431e-10,4.05695109066e-15,0.851501676619,1.2604943153e-10,1.80361129154e-13,2.5792793035e-11,1.23860070208e-12,1.67156539068e-08,0.139310049103,4.11234066596e-05,8.54345428078e-09,0.00914565155942,6.23475422297e-09,6.27425811012e-07,3.56613991668e-15,1.10556301704e-16,7.96772089012e-11
58,G,0.87469711687,V,1.55556599068e-15,1.08173459298e-08,6.75194184543e-23,3.16048573165e-07,3.80187537192e-11,5.16220058199e-15,0.87469711687,8.42853893364e-11,2.03971993432e-13,1.12899091988e-11,1.30905908808e-12,3.69799868258e-08,0.116716045035,1.48529476681e-05,3.55186584199e-09,0.00857131918902,2.88443187425e-09,2.95464286526e-07,1.55556599068e-15,1.10701032451e-16,7.61228048969e-11
59,G,0.876930621288,Y,5.65674213297e-11,9.47749833628e-09,9.88494926064e-23,3.00840693918e-07,3.87186099245e-11,5.07330039423e-15,0.876930621288,5.16894750236e-11,1.34817524465e-13,8.38591649589e-12,1.10951729514e-12,5.49715835195e-08,0.117781072058,1.92949830976e-05,3.39895274083e-09,0.00526830372423,3.36578473165e-09,3.35735884354e-07,1.26506404608e-15,1.4927482208e-16,5.65674213297e-11
60,N,0.745918700046,D,6.05727612382e-05,1.11099533575e-07,1.66689055126e-21,6.05727612382e-05,8.55693925683e-09,4.07455521932e-16,0.227916446986,2.15280148834e-08,7.30491375213e-15,6.32398935518e-09,5.03728784103e-14,2.24826855101e-09,0.745918700046,0.000358912554755,5.43179063041e-07,0.0257312411319,6.6065873381e-07,1.27728673033e-05,3.57367887964e-13,3.41707777708e-16,5.74291053452e-11
61,G,0.61182590198,G,0.61182590198,2.75092302559e-08,6.18838298302e-22,5.48062729151e-06,1.01857651723e-09,3.05278629511e-15,0.61182590198,1.24830377946e-10,6.13038372955e-14,1.98935426956e-10,6.952387287e-13,1.4078803438e-08,0.382249137552,0.000136954100223,4.52288961614e-08,0.00577991483924,5.87876661957e-08,2.46387359689e-06,1.01600060042e-14,2.06379685207e-16,8.05267366495e-11
62,N,0.975389019027,H,6.02463694284e-08,3.01525336684e-07,3.07386060323e-20,0.00364712068597,2.45149471087e-06,1.58677829125e-17,0.0132412365928,6.02463694284e-08,3.29510626401e-16,5.9546550437e-07,3.62810853557e-15,2.81377323923e-11,0.975389019027,0.00324997966799,1.92845288963e-05,0.00420217678791,3.72871765921e-05,0.000210486735594,1.85098942325e-11,1.39122606379e-16,1.82041411415e-11
63,D,0.969767445332,A,8.56470766843e-09,8.56470766843e-09,1.79386322461e-20,0.969767445332,0.00435268451897,8.71528582862e-27,1.18750255165e-10,0.000263575100862,1.12688774433e-25,0.0129009860021,5.96510671029e-25,3.62869329058e-22,0.000495021537923,0.00035422326755,0.0026767649927,5.0926564364e-07,0.00887310214217,0.000315433181522,2.45974782192e-07,4.4667339431e-21,6.41366075204e-17
64,N,0.976564755081,G,0.0201575921153,1.10108393503e-07,1.06091268043e-19,0.000796296239402,6.18578372015e-07,1.09749286984e-16,0.0201575921153,4.43301807025e-10,2.84780596857e-15,6.29387294404e-08,7.94113447416e-14,9.26637084971e-11,0.976564755081,0.001656122815,3.99506713982e-06,0.000749808213231,8.68034975406e-06,6.19579082826e-05,1.11529594207e-12,3.49162441529e-17,4.8409008565e-11
65,N,0.979527040583,S,7.92384500995e-06,1.58528011062e-07,7.90848018035e-20,0.000731666414268,4.98762067146e-07,9.54549831239e-17,0.016193310871,2.59582775976e-09,2.06777260607e-15,1.64374210409e-07,3.86296892503e-14,7.22608088367e-11,0.979527040583,0.00126930710469,5.65573633431e-06,0.00220902208167,7.92384500995e-06,5.5248967084e-05,2.09118743174e-12,4.53603852179e-17,6.25386771609e-11
66,D,0.924476939204,Q,0.00318994092775,1.97546407255e-07,2.44008824804e-19,0.924476939204,0.00288937577618,1.57788918751e-22,6.15370862282e-07,3.75484135338e-05,2.6904717818e-21,0.00267461021111,2.19558811897e-20,1.65664888316e-17,0.054133166555,0.00468006495,0.00318994092775,7.14995145004e-05,0.00635956220721,0.00148645123117,2.80924482775e-08,6.1615124374e-19,4.57659362418e-14
67,N,0.540210102344,V,1.02777912117e-14,3.06400340641e-08,3.57842462978e-21,1.14768581751e-05,6.53967441845e-09,2.71270208173e-15,0.457787039312,2.82368562042e-11,7.27782222369e-14,3.38590408094e-10,1.5705517682e-12,2.00143432235e-08,0.540210102344,0.000242633635271,1.14594304484e-07,0.0017443136336,1.1992030134e-07,4.14205218918e-06,1.02777912117e-14,1.87492132361e-16,8.7733937983e-11
68,G,0.724150084727,A,7.10621160379e-09,7.10621160379e-09,5.9463237251e-22,5.97997518788e-07,1.05984244748e-10,7.37614757186e-15,0.724150084727,4.85405318588e-12,1.38957231854e-13,2.0697145751e-11,2.48139330538e-12,5.76051098314e-08,0.274272125742,2.49155998059e-05,7.76514792902e-09,0.0015518741659,6.68365754755e-09,3.22349754793e-07,4.3550875967e-16,5.90796840734e-17,1.23924805107e-10
69,D,0.942464922564,K,0.0125361538972,2.27943971586e-07,1.83211258722e-19,0.942464922564,0.00159824721837,2.11913525474e-23,9.66424715782e-08,0.000671818069534,4.04911010955e-22,0.0125361538972,2.02095584123e-21,1.12501641777e-18,0.0295000181147,0.00139804101701,0.00517202100161,0.000113765472828,0.00573905351999,0.000805554339223,8.01995777104e-08,8.61887538464e-20,2.38504502238e-14
70,N,0.981473452119,Y,6.3293973967e-11,1.98472651679e-07,7.83137107416e-20,0.00117802817704,1.3195116974e-06,1.06470142343e-16,0.0146244906976,3.50285118927e-09,3.5608636509e-15,1.918599184e-07,5.02699407967e-14,9.99558051985e-11,0.981473452119,0.00160479505021,1.13329647991e-05,0.00100570617795,1.26272672624e-05,8.78540318762e-05,3.75523592803e-12,3.68456822876e-17,6.3293973967e-11
71,G,0.703970815418,C,3.41553983004e-22,1.27919884617e-08,3.41553983004e-22,8.82235535205e-07,3.41265225802e-10,2.42559774027e-14,0.703970815418,4.5597684169e-12,5.51233038939e-13,2.77851768507e-11,9.1820396483e-12,1.43234983335e-07,0.294617078193,4.37658497178e-05,1.92202859808e-08,0.00136664205638,1.48943354348e-08,6.2546413572e-07,1.08176329449e-15,7.80595698605e-17,2.5859284e-10
72,N,0.979089192196,C,4.26208074422e-20,4.85915860987e-07,4.26208074422e-20,0.00141648525053,1.12919083431e-06,9.24670443638e-17,0.0122956305183,6.70350841677e-08,1.99900922946e-15,7.76400325055e-07,2.14691570826e-14,6.20352566557e-11,0.979089192196,0.00144841501231,2.43369801887e-05,0.00565075552863,1.60005111477e-05,5.67252892173e-05,1.31629513098e-11,3.38663412879e-17,9.66170761982e-11
73,D,0.950843448721,E,0.00450092815437,3.30273758958e-08,7.40565671908e-20,0.950843448721,0.00450092815437,1.02206281346e-25,4.59982845234e-10,0.000450835082821,2.75217259557e-24,0.0326115014288,1.23830143107e-23,1.05106695487e-21,0.00158167399544,0.000398889958317,0.00446319395946,2.62458779718e-06,0.00488708552722,0.000259663911708,1.21186180542e-07,1.16096899604e-21,4.81065451667e-16
74,N,0.925480385674,H,7.68605602414e-07,6.93091334176e-07,6.68028023039e-19,0.06627807136,0.000178717801718,8.4320031615e-19,0.000270458680785,7.68605602414e-07,2.2847054921e-17,7.25260678903e-05,2.30483732599e-16,1.51614885091e-13,0.925480385674,0.00513580288145,0.000520319770466,0.000920075328133,0.000471465683052,0.000670714507371,5.41285864529e-10,7.451920277e-18,6.87614672083e-12
75,G,0.66542347152,L,6.78260294113e-12,1.41546745748e-08,2.43079462876e-21,8.66165426649e-07,5.59602665816e-10,2.49998505726e-14,0.66542347152,3.47998148874e-12,4.17002361856e-13,3.64324648984e-11,6.78260294113e-12,9.28365207241e-08,0.333508820168,7.14719832583e-05,2.61017076361e-08,0.000994545130332,1.90321782875e-08,6.720953362e-07,1.46996463728e-15,1.17419912739e-16,2.0591687222e-10
76,N,0.924140484633,L,4.75752576078e-13,1.62183523265e-07,5.53173043284e-20,0.000126216299227,1.66526428767e-07,1.52787507362e-15,0.0727397753367,8.53365870724e-10,3.70790243009e-14,2.96956804223e-08,4.75752576078e-13,1.75560174548e-09,0.924140484633,0.0009669011437,2.86516302879e-06,0.00200269037224,2.25989197717e-06,1.84459403793e-05,6.19284217241e-13,9.21753842601e-17,2.04036954797e-10
77,N,0.85968845592,D,0.125221410197,6.58029714465e-07,1.88132008475e-18,0.125221410197,0.000418346888917,4.6589810367e-19,0.000163840113681,5.98411685627e-07,1.61542802895e-17,0.000175472249586,2.01246318723e-16,6.61477369084e-14,0.85968845592,0.0109775719777,0.00100878165818,0.000474879303378,0.000950556453147,0.000919428170102,6.21185965774e-10,3.08706564966e-18,5.59554581101e-12
78,N,0.962744873838,H,2.28167410716e-10,7.30156806588e-08,6.9913443821e-20,0.000205688505146,4.25363224016e-07,5.14029660161e-16,0.0353830267012,2.28167410716e-10,1.38517504992e-14,2.72670126393e-08,2.20700940096e-13,6.59498832694e-10,0.962744873838,0.001143475586,2.58992806806e-06,0.000491484576272,3.31690852245e-06,2.5017345071e-05,3.12052484922e-13,4.64873325112e-17,7.74789744517e-11
79,G,0.754606249829,I,7.66728513489e-13,8.39072677103e-09,2.22380598726e-21,4.23267345458e-07,4.37542754505e-10,4.12401914831e-14,0.754606249829,6.39515551606e-13,7.66728513489e-13,1.5111662709e-11,1.65556789287e-11,2.31758199064e-07,0.245017060208,7.48306973027e-05,1.60607370354e-08,0.00030065100599,1.76578645352e-08,5.10429880494e-07,8.8792849302e-16,1.65892308148e-16,2.23629291847e-10
80,N,0.870677555457,T,8.09081064445e-06,3.7226019966e-08,9.25942285892e-20,2.47436856491e-05,4.57418896251e-08,6.5049386604e-15,0.128321411627,7.06939397946e-12,1.60809788723e-13,1.91377062552e-09,5.2019091171e-12,1.18390566503e-08,0.870677555457,0.000660484508412,5.22970066397e-07,0.000306446749959,6.47203808978e-07,8.09081064445e-06,2.40589234342e-14,6.67829286197e-17,2.5378991324e-10
81,D,0.954019327359,N,0.00691549245447,4.04043491673e-08,1.78412724214e-18,0.954019327359,0.0133783635225,3.83023513232e-24,2.86579320477e-09,1.05822831213e-05,1.8734130569e-22,0.0152143134288,1.96369674202e-21,2.05722450581e-20,0.00691549245447,0.0018761470372,0.00325470676437,1.47617314543e-06,0.00470524055045,0.000624287210557,1.99467090817e-08,2.40367563751e-21,3.58950673255e-15
82,N,0.859753907319,N,0.859753907319,2.14097177635e-08,3.11477277809e-19,2.75367054177e-05,9.39972243847e-08,1.08583925357e-14,0.13904778364,2.38564883384e-13,3.35675265969e-13,8.14293404992e-10,2.07575184298e-11,3.16186324681e-08,0.859753907319,0.00110162756725,4.91042549835e-07,5.33111048252e-05,9.8589827282e-07,1.42086410501e-05,1.24670096026e-14,8.62763083604e-17,2.20052794937e-10
83,D,0.861989703081,Q,0.000765747026551,1.083943891e-10,4.25373847705e-20,0.861989703081,0.0461408621595,9.87474891706e-31,4.76471690677e-15,5.67479929419e-06,1.2760536964e-28,0.089147623575,5.36250370295e-28,6.29038183905e-28,4.49420021993e-06,3.06607956056e-05,0.000765747026551,2.17082755247e-10,0.00185202655292,6.31687857614e-05,3.86987803028e-08,1.26904088712e-25,6.92961573132e-20
84,N,0.904714605094,D,0.0793719649628,1.87294580391e-07,3.5943997046e-18,0.0793719649628,0.00059726784826,7.60319005026e-19,0.000191700350119,9.15818725351e-09,4.02606653146e-17,2.73527132775e-05,8.41458410984e-16,2.43655083841e-13,0.904714605094,0.0126877709451,0.00038087287251,4.63587439857e-05,0.000603122838285,0.00137878708181,9.31556432595e-11,4.01818493893e-18,3.26943655975e-12
85,N,0.576410826654,F,3.56919176752e-14,1.06391001576e-08,3.81335029811e-20,2.47353487807e-06,5.14168105452e-09,3.56919176752e-14,0.423334062045,8.83745398767e-14,8.51783463283e-13,5.47213845243e-11,3.84039456811e-11,3.06021181723e-07,0.576410826654,0.000191611635156,6.38112872861e-08,5.84405824673e-05,9.98687267324e-08,2.09969165738e-06,1.56880551549e-15,1.79281262002e-16,2.8067671109e-10
86,D,0.733825367308,K,0.00141434852823,1.48790574359e-07,2.47214308272e-17,0.733825367308,0.00491220102143,3.58784518214e-21,1.12788542373e-06,2.71812554817e-07,2.52115146783e-19,0.00141434852823,5.92924411788e-18,8.86179331132e-17,0.237288020203,0.0130537615456,0.00253357663984,1.08045081984e-05,0.00498453614793,0.0019758337628,1.84588879512e-09,8.35227084716e-20,2.68874667533e-13
87,N,0.661025832396,G,1.19228901597e-05,1.55028981433e-07,6.12731883485e-17,0.307922848996,0.00379177253569,1.0384506808e-19,1.19228901597e-05,5.45870690844e-09,9.45313753196e-18,0.000248993571841,3.51223327206e-16,7.27439814856e-15,0.661025832396,0.0206883939567,0.00107725707621,6.81945937733e-06,0.00280377022585,0.00242222808839,3.14487261813e-10,3.12905405126e-19,1.50722254949e-12
88,D,0.706097947664,S,0.000517841183847,6.85311885329e-12,6.77488453168e-20,0.706097947664,0.0770786314599,7.67490219317e-34,4.34035483908e-18,6.54314769014e-07,3.89872351734e-31,0.215995371945,3.17654380875e-30,7.62596009682e-32,1.78723090824e-07,2.50212360413e-06,0.000296529600837,2.12866104457e-12,0.000517841183847,1.03335213023e-05,9.4540433732e-09,8.09068575257e-29,4.43355971571e-22
89,D,0.898806314186,A,8.66759248016e-11,8.66759248016e-11,2.12738332029e-18,0.898806314186,0.0613146187322,6.44733713987e-30,8.02962767876e-15,6.92428008288e-08,2.53215121901e-27,0.0377197348784,3.84912075366e-26,1.99760025204e-27,1.18908329407e-05,5.07656221495e-05,0.000517095546711,5.63370129281e-11,0.00150507119262,7.44350889378e-05,4.53426357202e-09,2.99460312915e-26,1.84308105265e-19
90,D,0.817019914591,G,1.94021203053e-16,2.84845594509e-11,3.92978576376e-19,0.817019914591,0.0800258728258,7.01685555651e-32,1.94021203053e-16,2.11414705418e-07,3.56243860505e-29,0.101635185458,4.41918739214e-28,1.11931979495e-29,1.63306253752e-06,1.12948494868e-05,0.000477262580784,1.26295514179e-11,0.000801156569104,2.74626945721e-05,5.91260907411e-09,8.48370874009e-28,8.24927280951e-21
91,D,0.938150266609,A,8.41854586461e-10,8.41854586461e-10,2.29991173516e-18,0.938150266609,0.02221363336,1.87453701484e-27,1.12855925412e-12,8.41259013896e-07,4.4758230166e-25,0.0363202131619,3.63447115637e-24,8.76287834863e-25,0.000216702211016,0.000197256162459,0.000907931739058,4.32248910984e-09,0.00181542263886,0.000177722159146,5.53429461466e-09,1.29762609768e-24,1.34072172225e-17
92,N,0.993975086729,P,0.00150472961601,6.68315328763e-08,2.81402831556e-18,0.0009075107202,4.32466174505e-06,2.27263189789e-16,0.00348457839836,1.51434599588e-11,6.79689188643e-15,1.387332839e-07,3.52832200593e-13,1.43173075423e-10,0.993975086729,0.00150472961601,1.16635425805e-05,2.59946164455e-05,2.05953028637e-05,6.53106345624e-05,4.89908910438e-13,5.393592602e-18,5.37764170793e-11
93,N,0.587559879636,S,0.00263380901698,2.69365500464e-07,3.40805324262e-17,0.378369560755,0.0066002647922,1.03939904564e-19,9.96454719574e-06,3.50056776205e-08,7.29440144413e-18,0.000504191918341,1.65143060045e-16,4.88603337626e-15,0.587559879636,0.0195651389536,0.00203738364388,1.6498071303e-05,0.00263380901698,0.00270300368995,6.0284196157e-10,3.1213645124e-19,1.32536497755e-12
94,N,0.973231281541,V,3.37841094515e-11,2.05567617046e-07,6.24993297368e-18,0.0148980097814,0.000176195266332,1.69112647071e-17,0.000588365370907,2.73634051691e-09,6.98657523571e-16,7.63192235696e-06,1.94107651481e-14,5.95904144444e-12,0.973231281541,0.00987253659359,0.000217463451774,7.53664224836e-05,0.000281272097162,0.000651669192163,3.37841094515e-11,1.25247038661e-17,1.72764011153e-11
95,D,0.950514196715,E,0.023059762986,1.11376517348e-08,1.64723480579e-18,0.950514196715,0.023059762986,6.29149760454e-25,3.93066014723e-10,4.16052014114e-06,8.11528587253e-23,0.0167618960859,5.70573808653e-22,1.69181209783e-21,0.00438057398408,0.000800794644633,0.0019332437629,2.97783977955e-07,0.00196122143337,0.000583835882287,4.6710028388e-09,1.8493226603e-22,5.67598031781e-16
96,N,0.996038504536,N,0.996038504536,7.15250363737e-08,1.12027416987e-18,0.00125462684366,4.86527231508e-06,7.33450990876e-17,0.00175705287839,9.63362283375e-11,1.70359990583e-15,3.09101229519e-07,5.71006082754e-14,3.76834551672e-11,0.996038504536,0.000831831890472,1.64212827812e-05,4.35440604859e-05,1.45556542305e-05,3.8216789818e-05,6.08680522288e-13,3.74942509142e-18,3.04520390627e-11
97,N,0.619825327238,V,7.72259344761e-16,1.02191083099e-08,1.96499903818e-20,7.07485677343e-07,1.13484654713e-09,1.17731359442e-13,0.380034524373,1.32423825869e-13,1.25051363775e-12,5.30809123664e-11,4.83075686327e-11,1.59638816634e-06,0.619825327238,5.10341814137e-05,5.81012958057e-08,8.61472215076e-05,5.07833588475e-08,5.42066593771e-07,7.72259344761e-16,2.21372829986e-16,7.04673599119e-10
98,N,0.975800342206,K,5.04316984865e-05,3.3430207977e-07,1.44330049015e-18,0.0190189301545,8.50904025495e-05,2.49682882852e-18,0.000170253689108,2.9533177344e-07,8.63036132744e-17,5.04316984865e-05,7.67182105808e-16,4.17467762569e-13,0.975800342206,0.00354318791478,0.000311253050876,0.000408268846046,0.000215675197619,0.000395937103692,9.34482096045e-11,3.85606223245e-18,8.68735555586e-12
99,D,0.746799165169,N,0.227420412187,2.42398783791e-07,5.96860180686e-18,0.746799165169,0.0049515191522,1.49378968682e-21,3.30957676388e-07,1.15481806503e-05,1.30561104809e-19,0.0100681664707,7.81523733332e-19,1.54009332463e-17,0.227420412187,0.00397377545492,0.0032162850524,4.14241661823e-05,0.00225255819536,0.0012645699632,2.651354365e-09,2.75927524016e-20,1.99911032483e-13
100,N,0.769962712389,G,0.229920286521,7.48157634249e-09,1.00467868517e-20,6.53563837638e-07,5.47595260393e-10,6.54942904666e-14,0.229920286521,1.3576721866e-13,5.46502567886e-13,6.56325615401e-11,1.65334461718e-11,7.05226306688e-07,0.769962712389,2.52186760322e-05,4.54871824828e-08,9.00743391936e-05,3.5166821602e-08,2.5983527071e-07,3.00409321908e-16,6.24859204359e-17,6.82756134858e-10
101,N,0.53079260728,I,6.64472708006e-13,1.51193028919e-08,5.69031624493e-21,4.39786880546e-07,3.53752360216e-10,1.22826068274e-13,0.468834764982,2.06871652396e-12,6.64472708006e-13,5.40310180576e-11,1.40031451812e-11,1.89572670493e-06,0.53079260728,2.38837682171e-05,5.64504300478e-08,0.000345932777652,4.47364243933e-08,3.58131757935e-07,1.01936853773e-15,3.28097109073e-16,8.16514948686e-10
102,N,0.877516246539,R,0.000673029693592,4.37609237804e-07,1.53180889877e-18,0.112435208013,0.000344615375824,1.28166063443e-19,2.56987305847e-05,1.30592170285e-05,5.17790163525e-18,0.000896264568448,2.20163057995e-17,6.05453708889e-15,0.877516246539,0.00530531411421,0.00118124926645,0.000673029693592,0.00078937824997,0.000819498189084,4.31847776732e-10,9.2750786722e-19,2.21055452913e-12
103,N,0.995384158096,T,1.73027120537e-05,6.29007240831e-08,2.85593003971e-19,0.000251382083793,4.92896783643e-07,2.13785108103e-16,0.00371348147475,4.12647763725e-10,3.34372479568e-15,1.21609135909e-07,7.63779101502e-14,2.62735088256e-10,0.995384158096,0.000444231732044,7.87534370679e-06,0.000174983385675,5.90703699244e-06,1.73027120537e-05,2.21437984006e-13,1.28842281485e-17,5.24909904565e-11
104,N,0.711952446692,G,0.287765270464,1.32643397458e-08,7.95007831466e-21,7.40973707588e-07,5.47956939498e-10,8.10511314769e-14,0.287765270464,1.23854407005e-12,3.99095392843e-13,7.65969222354e-11,1.27926560526e-11,1.03259418998e-06,0.711952446692,2.26542746906e-05,7.35862396415e-08,0.000257488551295,4.1862865839e-08,2.36396950234e-07,4.94521207258e-16,1.24255639325e-16,7.00108817548e-10
