2,K,0.337769121341,G,0.0623726101477,0.00222737503561,1.03051321952e-07,0.0637526605825,0.267904538106,3.75220714067e-06,0.0623726101477,0.00231925450682,2.22631094601e-06,0.337769121341,6.04525042906e-05,4.49319045867e-05,0.111502800369,0.0445778025975,0.0562341421988,0.0176208633877,0.0264957569565,0.00678893633802,2.7553534992e-05,9.47134000663e-07,0.000294171785797
3,G,0.16045750296,A,0.0350464084489,0.0350464084489,0.00298618936308,0.104351304951,0.0619776467292,0.00662775565201,0.16045750296,0.0262374420776,0.005871500809,0.0865792826115,0.0144604948597,0.00939632921284,0.0770173543613,0.0630270950953,0.0416611038228,0.122933222002,0.0859458570133,0.0616605492755,0.0112905093573,0.00454234181192,0.0179301095865
4,G,0.158419639652,F,0.00794089289312,0.0437212580972,0.00275363917771,0.0903034829367,0.0828282153447,0.00794089289312,0.158419639652,0.0232500172724,0.00577630875805,0.0768281226052,0.0204903718404,0.0132859890354,0.0716415056691,0.0538558136622,0.0539156482983,0.136409267438,0.0716288016745,0.0513405485462,0.0129692802555,0.00514168233877,0.0174995145043
5,G,0.160060876429,L,0.0592983290665,0.0464923398205,0.0270601113418,0.0700616875167,0.0501879706971,0.0250320313265,0.160060876429,0.0210662957364,0.0275585698555,0.043083332412,0.0592983290665,0.023718413565,0.0467760640098,0.045617948952,0.0311624704449,0.0986659476284,0.06878362943,0.0508445500882,0.0545977244085,0.0202301041367,0.0297016031347
6,K,0.238241296268,D,0.0788618360876,0.00962187466514,5.22807104404e-05,0.0788618360876,0.175336061574,0.000488041376175,0.118816852605,0.00948299857555,0.000413764995021,0.238241296268,0.00359631714538,0.00168626110956,0.0990287018014,0.0486145243816,0.0729183643386,0.0673941012357,0.0455573301022,0.0240086203263,0.00119523183835,0.000292061300874,0.00439347956235
7,K,0.1594741684,K,0.1594741684,0.0183993672798,0.000496827138394,0.0735892531397,0.105332191803,0.00282687142396,0.144261778039,0.0183535809428,0.00260011150061,0.1594741684,0.0131525913387,0.00469554196876,0.0912844431595,0.0733460348045,0.0595676232111,0.108521980895,0.0658592441735,0.0387474933282,0.00506789705622,0.0015572945183,0.0128657058804
8,G,0.14449559937,P,0.0301153961692,0.0731007276487,0.0315490856409,0.0421257168695,0.0386327924248,0.027779340891,0.14449559937,0.0188100854696,0.0384090585674,0.0514168223186,0.0677846436914,0.0401412384352,0.0439677209833,0.0301153961692,0.0273440014358,0.107903647474,0.0471411559138,0.0422822907491,0.0549798114265,0.0243775215944,0.0476433429267
9,G,0.154731069781,K,0.105116630659,0.0461298730618,0.00261373838448,0.0674468674358,0.0845762130862,0.00606110488836,0.154731069781,0.0184550993029,0.00671259341514,0.105116630659,0.0176346096246,0.0115302574812,0.0721132848737,0.0681997891654,0.0502546303222,0.129454091557,0.0683851199886,0.0441123662683,0.0144492107327,0.00634299457558,0.0256804553965
10,G,0.150217344095,M,0.0279482679177,0.0534502503641,0.00590391926379,0.0576353542014,0.0677182302817,0.0161002227505,0.150217344095,0.0215848368676,0.0192226315617,0.0893964449432,0.0375157754074,0.0279482679177,0.0563813266336,0.0437295563913,0.0410551842969,0.111407748987,0.0642536545604,0.0565232276,0.027128935924,0.0125288076852,0.0402982802679
11,K,0.168625470129,E,0.115230866027,0.0332058114726,0.000952113887219,0.0743978234823,0.115230866027,0.00445182857065,0.158095173319,0.0216784772895,0.00455381057149,0.168625470129,0.0137869120699,0.0094732845363,0.0799562830262,0.0354878313335,0.0477612696971,0.0894260102672,0.0657415214385,0.0479841204076,0.00786597099574,0.00275133971397,0.018574081765
12,G,0.135909009845,K,0.0613189786952,0.0810908157208,0.0250580874088,0.0529029851998,0.0331176499364,0.0254572071518,0.135909009845,0.0308217018856,0.034569713653,0.0613189786952,0.043882586656,0.0285912311627,0.0452744119716,0.023948671174,0.0250091429153,0.112620244821,0.0711860347653,0.0552907837617,0.0573152231725,0.0128486432209,0.043786876883
13,K,0.142328430473,H,0.0344646895735,0.0500306661426,0.00243359344104,0.063575202809,0.0695139008459,0.0102138725852,0.136949536321,0.0344646895735,0.0115499842823,0.142328430473,0.0224757681551,0.0176516085152,0.0795436819747,0.0312582627399,0.0359337695879,0.115929144873,0.0672905448336,0.0521030879605,0.0182798995838,0.00482432091936,0.0336500343837
14,G,0.150627612843,N,0.0535285070969,0.0581672521595,0.00779535963717,0.0450712030243,0.0354842069057,0.0150199767191,0.150627612843,0.0369872615102,0.01654382886,0.0895604328411,0.0418514054876,0.0176663473883,0.0535285070969,0.0426518556832,0.0357422943536,0.143730931629,0.081975686355,0.0558992030652,0.0320057892475,0.0058523653961,0.0338384797984
15,G,0.134212311274,A,0.0531876645755,0.0531876645755,0.0171414273234,0.0305634796856,0.0211129520977,0.0362870276632,0.134212311274,0.033331043299,0.0417258796914,0.0658195463992,0.0706611679867,0.0235046474761,0.0408293039809,0.035481872022,0.0246625932281,0.125362793024,0.0713726428723,0.0564139040597,0.0541770616239,0.0124789879147,0.0516736938029
16,G,0.159733924252,Q,0.0390794144406,0.043174885503,0.00330404076716,0.0483701467957,0.0421975904343,0.0138880589835,0.159733924252,0.0378579561618,0.0123807471899,0.13129796368,0.0355617602469,0.01320373435,0.0579729529172,0.0382131432676,0.0390794144406,0.135372817468,0.080356978679,0.0542242559822,0.0228207824196,0.00398657754092,0.0270022689209
17,L,0.121900859987,G,0.0971872105087,0.0712438220763,0.037199776257,0.0261548237097,0.0249127665118,0.0498438756034,0.0971872105087,0.0334950305099,0.0551198811571,0.0427450216077,0.121900859987,0.0266646157688,0.0217561630861,0.0218802854789,0.0221877583519,0.108518534093,0.0437117719867,0.0410972450615,0.0991812814659,0.0160021523233,0.0391971244554
18,K,0.139834106309,Q,0.0398022863545,0.0385772084541,0.00362926466121,0.0593479354747,0.0708421948414,0.0152690721224,0.123720550339,0.0374760324331,0.0130904895801,0.139834106309,0.0395533748507,0.0116831417209,0.0480232790676,0.0457308438061,0.0398022863545,0.133721276001,0.0673999092917,0.0571702251313,0.0235181464795,0.00535740323046,0.0262532598512
19,R,0.138364359568,G,0.112196401531,0.0602112666141,0.0164986418852,0.0372004677093,0.0438282648151,0.0372620413843,0.112196401531,0.0392098976457,0.0342059984739,0.0776771018295,0.0883496732513,0.0198997883369,0.0276184525376,0.0293577374548,0.0283497853991,0.138364359568,0.0443939544741,0.0473063814104,0.0621539168929,0.0130421060865,0.0428737627004
20,R,0.158011569444,N,0.0323900151805,0.0526884503904,0.00912009032075,0.0473192903066,0.0364655720624,0.025380479673,0.12556893806,0.0424504512605,0.0171984743261,0.101150994966,0.0529170242752,0.0118694450317,0.0323900151805,0.0430355662074,0.0347097749788,0.158011569444,0.0685297863906,0.0575792072534,0.0349755207812,0.00876522614103,0.0398741229506
21,R,0.163077609396,G,0.141176632696,0.028718958789,0.00186153769428,0.0468767903036,0.0555700807289,0.0105880656347,0.141176632696,0.0281146792672,0.0080210323321,0.158189622113,0.0262634154575,0.00770246060532,0.0484342297981,0.058722096936,0.044930279562,0.163077609396,0.068432889161,0.0566220218502,0.0129715602773,0.00357841266139,0.0301476247369
22,C,0.131801587409,L,0.0900816798604,0.0487591624998,0.131801587409,0.0134429151862,0.00741399257637,0.0671532361316,0.0957818986197,0.0279445633189,0.0727637004356,0.0207498504776,0.0900816798604,0.0220636359527,0.0114303952715,0.0149038968688,0.00833772565282,0.0742481856359,0.0447565184259,0.0423457218125,0.129594319923,0.0203048248682,0.0561221890738
23,G,0.14995683822,R,0.130375658279,0.0392875842456,0.0164839976824,0.0400641401531,0.0293211220948,0.0224027489812,0.14995683822,0.0362666415551,0.0252433277965,0.109557399112,0.0523319175988,0.0162800304096,0.0361721229071,0.0387274879801,0.0259620184575,0.130375658279,0.0787950212324,0.0607232987995,0.0459475761069,0.00804070612389,0.0380603622642
24,V,0.143251853955,Y,0.0486210505071,0.0554257940929,0.0755761644581,0.0138888587118,0.00971245369894,0.0539526756964,0.0742273325744,0.0303648134338,0.0841161756378,0.0326887277033,0.132793074777,0.0296039311808,0.0135431962928,0.0142524419847,0.0111930828947,0.0745887520402,0.0454532782257,0.0399704893345,0.143251853955,0.0167758527997,0.0486210505071
25,V,0.13773810016,G,0.0658936090792,0.0443772894898,0.0959104716554,0.0119858969421,0.00812152851239,0.054291323838,0.0658936090792,0.0233054048101,0.0947356599863,0.0281839900819,0.123739996203,0.0286359534233,0.0130404632144,0.0118815832974,0.0100929793715,0.0853493145089,0.0524723419132,0.0412396212468,0.13773810016,0.0143619468804,0.0546425253862
26,V,0.147692524151,L,0.0972505151881,0.0452662361051,0.125139481596,0.00951106209072,0.00483584525581,0.0584018325983,0.0715817863921,0.0201730710473,0.118892175633,0.0186633313236,0.0972505151881,0.0362516496169,0.0111655682574,0.00853449476162,0.00534960812275,0.053345811607,0.0484529813061,0.042877786561,0.147692524151,0.0226977951196,0.0539164432655
27,C,0.140594637679,S,0.067817102973,0.056902476523,0.140594637679,0.019502047242,0.0094239644992,0.037367082366,0.0927271307374,0.0227638119081,0.0753034444931,0.0271368402267,0.0742268852319,0.038275857355,0.0216267284654,0.0122628158765,0.00946190947788,0.0667946915882,0.067817102973,0.0486923222163,0.111250306859,0.0193800304522,0.04848991383
28,G,0.125577801999,S,0.0827494561441,0.0664239170429,0.0743085505354,0.0281647949373,0.0139550498671,0.0315816948635,0.125577801999,0.0258084345969,0.0474164534999,0.032548126315,0.0548210444277,0.0400236623661,0.0334708622255,0.017475153075,0.0161672079473,0.0991966537949,0.0827494561441,0.0485565700426,0.0841336490531,0.0259097731764,0.0517111440898
29,C,0.136258239312,M,0.0420552069506,0.0597338171793,0.136258239312,0.018492502981,0.00906972779572,0.0528515361267,0.095038090017,0.0184875118249,0.0660761483468,0.015574548209,0.0762307112001,0.0420552069506,0.0205556432683,0.0131828375111,0.00993839246831,0.0678142980215,0.0692387084902,0.0431479482904,0.099530584789,0.0342621603739,0.0524613868439
30,G,0.136352442907,Q,0.0169846560535,0.0680769278527,0.0659540033317,0.0449009018858,0.0249901580474,0.0348146023528,0.136352442907,0.0231798052275,0.0402077300358,0.0376705405388,0.0442533251846,0.040719980838,0.0441582264512,0.0224714114619,0.0169846560535,0.0821770023868,0.0915321160764,0.0563107656665,0.0611719356411,0.0210304722594,0.0430429958009
31,G,0.104941268966,G,0.104941268966,0.0689412263972,0.093301972849,0.035482915311,0.0251029051886,0.04588503337,0.104941268966,0.0156606022925,0.0494647163334,0.0229133730843,0.0672230264555,0.0505391823888,0.0306602134754,0.0183311837339,0.0159151957534,0.0781281877282,0.0607668597742,0.0495421858604,0.092137091291,0.028023557802,0.0470393019454
32,G,0.113430987129,W,0.025873146421,0.0775928362959,0.0314765754087,0.03909063965,0.0416981001586,0.0419184780604,0.113430987129,0.0196403739242,0.0472642473028,0.0349520906788,0.0720737053637,0.0470392598267,0.0323236934057,0.0236909905437,0.0236950333754,0.089618463663,0.0626788410124,0.0581720221177,0.0670260793092,0.025873146421,0.0507444363531
33,G,0.185258749493,R,0.0881835725824,0.0523156853241,0.00704068210734,0.0779004251762,0.0635684003098,0.0132719534405,0.185258749493,0.0198638380446,0.0113013348422,0.0811469036759,0.0243190736524,0.0298508626967,0.0602744054217,0.0478615357145,0.0375623638875,0.0881835725824,0.0814059293311,0.0655523955719,0.0218909996245,0.00951756200331,0.0219133271003
34,G,0.149693718465,V,0.0329485983882,0.0630825699346,0.00662198634106,0.0640732350674,0.0813001185921,0.0170317997147,0.149693718465,0.0174362985566,0.0187239663014,0.0729505753946,0.0498783058981,0.0423043521815,0.0462999105236,0.0429439190688,0.046852054664,0.0931156614447,0.0584159938631,0.052551555742,0.0329485983882,0.0148225836652,0.0289527961937
35,G,0.211843664327,E,0.0948009089518,0.0320033401358,0.00115215570961,0.104245225399,0.0948009089518,0.00310390545104,0.211843664327,0.0174803305354,0.0024859472737,0.0911469361487,0.00905419289401,0.0116842926525,0.0907376138743,0.0502697697781,0.0580315560046,0.0832229527954,0.07189334681,0.0446540758702,0.00724010358373,0.00390770233418,0.0110419794706
36,G,0.212898038369,M,0.0499490717061,0.0622170781429,0.0163602400786,0.0769261355469,0.0442432618716,0.0206168777613,0.212898038369,0.0246448219675,0.019295912136,0.0375145181488,0.0365575217884,0.0499490717061,0.0547894581073,0.0263467723566,0.027855662183,0.0830969085171,0.0715070349335,0.0557349501445,0.0372939863493,0.0175036286337,0.0246481212573
37,G,0.3067199844,E,0.0259280389779,0.0661380518212,0.0199675662568,0.077833328271,0.0259280389779,0.0155405942269,0.3067199844,0.0320166543136,0.0132253379832,0.0269040774547,0.0196533915856,0.0319231197337,0.0559593592424,0.0258048463876,0.0188901195592,0.0687300378366,0.0850689045475,0.0515264336827,0.0279028747039,0.0118298011463,0.0184374778691
38,G,0.241576486313,D,0.0608008986406,0.0879956085541,0.0536622145817,0.0608008986406,0.0154699357014,0.0177397184146,0.241576486313,0.0340466331681,0.0232738565665,0.0240931564081,0.0263223469115,0.0502561628348,0.0533378692838,0.0181188170382,0.0133531894852,0.0756706068045,0.0720013640265,0.0491135657297,0.0486515267001,0.0127561634401,0.0217598793971
39,G,0.202600925614,A,0.0669515375682,0.0669515375682,0.0918237806824,0.0409927049959,0.0118118662875,0.0403092966211,0.202600925614,0.0331207521925,0.0473355197372,0.0195518248988,0.0436796146099,0.0466375660102,0.0331953314028,0.0210197570175,0.0100037926462,0.0575106684508,0.063327558074,0.0453224686246,0.0742509797365,0.0195457149814,0.0310083398482
40,G,0.236387661779,H,0.0376746343509,0.0691737987807,0.0254955472161,0.0528665701009,0.0235714017481,0.0195622555121,0.236387661779,0.0376746343509,0.0241753269152,0.0429745989923,0.0351597095628,0.0362319328296,0.0537016125067,0.0270743994379,0.0194618063471,0.082332740103,0.0788893426456,0.0532921531786,0.0503471913668,0.0102220383008,0.0214052783253
41,G,0.168474298284,T,0.0489883379836,0.0770014519239,0.0727659644618,0.0350347544357,0.0162777936386,0.033361422614,0.168474298284,0.0397557617317,0.035112507009,0.0298534904449,0.0617806330424,0.0322580674421,0.0314414833509,0.0364770690288,0.0154151136459,0.0837185827205,0.065299529235,0.0489883379836,0.0808582144027,0.010259347871,0.0258661767333
42,G,0.178789581918,A,0.0599986400477,0.0599986400477,0.0240543015761,0.056961734207,0.0290017597113,0.0392336705698,0.178789581918,0.0436771143602,0.0257305197195,0.0479027690153,0.048178993061,0.0186302197176,0.0399118276495,0.0516847878798,0.020078943408,0.0945786749161,0.0738694566758,0.0483665303045,0.0578272985714,0.00988594688578,0.0316372298059
43,G,0.189745916679,V,0.0396704753189,0.0595063485548,0.0121673473201,0.0689690937582,0.0336743899344,0.028554128129,0.189745916679,0.0475479886195,0.0182299895986,0.0605047563322,0.0413428407599,0.0157891371597,0.0482915440693,0.0456782568016,0.0259381626492,0.106165004904,0.0749079957679,0.0459528980361,0.0396704753189,0.00772039655604,0.0296433290522
44,G,0.188226689288,I,0.0221095642049,0.0694272226705,0.0286958398066,0.0674582016155,0.0221137400632,0.0401181607143,0.188226689288,0.0489810632921,0.0221095642049,0.0348991738875,0.0490727027757,0.0163794575264,0.03773171983,0.0427432095663,0.020709477566,0.0826020447358,0.0734110784955,0.0486173792733,0.0581729536766,0.0127201884204,0.0358101325914
45,G,0.154374111926,G,0.154374111926,0.0620405794039,0.0340657690558,0.0606346936429,0.0195964027186,0.0421366380314,0.154374111926,0.0483360254346,0.0240052052625,0.040228285866,0.0503051859787,0.0117284359981,0.0387311092798,0.0535075344972,0.0204904958278,0.108938663256,0.076416397301,0.0549323446993,0.0467445098266,0.00979279858771,0.042994813406
46,G,0.116402240253,L,0.0694725913259,0.0583849997663,0.0813559411926,0.0368323632281,0.00920458058631,0.0724679015974,0.116402240253,0.0455876225519,0.0546979953068,0.0224316359155,0.0694725913259,0.0161960877508,0.0239040895318,0.0340840150495,0.00965653322691,0.0757247349872,0.0641823994885,0.0523248403926,0.0906297868607,0.0149311849739,0.0515284560141
47,G,0.162899775838,P,0.0705864499324,0.025072833985,0.000611399714643,0.105850651966,0.0773295938399,0.00449258514377,0.162899775838,0.0251428038258,0.0025609735093,0.136863276278,0.0108368333737,0.00424812395984,0.0715826515011,0.0705864499324,0.0485194722079,0.0976141367592,0.0919022569791,0.0459789803121,0.00532545158958,0.00157222291868,0.0110095263664
48,G,0.1381066917,S,0.0801465728017,0.019069044215,0.000256072275924,0.125817739396,0.122158878719,0.00209697584261,0.1381066917,0.0187099033316,0.00128357904831,0.136640507365,0.00614951527547,0.00266683158958,0.076187919426,0.0886909735968,0.0630220894344,0.0700304345193,0.0801465728017,0.0391256320147,0.0032030352673,0.000961173584652,0.00567643059745
49,G,0.152985543071,G,0.152985543071,0.0140827918143,0.000108040003595,0.109715804799,0.128254094174,0.00138107662007,0.152985543071,0.0140397362247,0.000706816704697,0.133710917418,0.00460772803481,0.00184833995197,0.0706521817905,0.0916727115794,0.0759071589649,0.0774625944575,0.0800941168753,0.0348353483761,0.00209997937706,0.000792154735464,0.00504286502739
50,G,0.156748587243,L,0.0669618380462,0.0658593259234,0.0487973474575,0.0516238624071,0.0224554729486,0.0556647281788,0.156748587243,0.0264616642377,0.0374923778012,0.0224554287892,0.0669618380462,0.0225619784001,0.0205864097162,0.0454382047832,0.0164331219527,0.0707186108947,0.0725207699585,0.0550518617043,0.0814677753207,0.0195489505679,0.0411516836687
51,G,0.234679525912,E,0.0703892066645,0.025608306436,0.000769051851181,0.108651436127,0.0703892066645,0.00448198279838,0.234679525912,0.0206732207815,0.00276107751351,0.0841159789884,0.0103857928492,0.00348164576366,0.0614524464389,0.0929945359778,0.0432961693117,0.0742870360888,0.0977292875081,0.0442224576921,0.00657721369296,0.00203992251357,0.0114037050915
52,G,0.204753714651,S,0.0839028814919,0.0432058318377,0.00281328511649,0.106081219547,0.0720827885278,0.010522303596,0.204753714651,0.0231823419832,0.00849775643471,0.0748306202523,0.0226060736632,0.00724647523628,0.0572075537269,0.0558077704065,0.0392394659925,0.0927058765522,0.0839028814919,0.0513572886058,0.0197991852365,0.00456510707477,0.0195924600675
53,G,0.159175590254,W,0.0145908266389,0.081974036583,0.0341220658374,0.0434015326726,0.0179391367164,0.0509197888246,0.159175590254,0.0305009312152,0.0553728035374,0.0215784306615,0.0878828131489,0.0174825410792,0.0192007383181,0.0283480935663,0.0125748521063,0.0658814328749,0.0675229396167,0.0476557563645,0.100724121079,0.0145908266389,0.0431515689053
54,G,0.141108980864,S,0.0544751213859,0.0805583923035,0.0485875720115,0.0488709684048,0.0194666630566,0.041618035652,0.141108980864,0.0301745507631,0.06186095429,0.0285535117939,0.0748493207312,0.0221495754983,0.01904516698,0.0222841736723,0.0115434605877,0.055333823452,0.0544751213859,0.0556910235313,0.135420447308,0.0101970937539,0.0382111639601
55,V,0.157437655733,F,0.0475839351929,0.0796532029486,0.0626446587735,0.0288796311028,0.0129274354425,0.0475839351929,0.118900487039,0.0272977957807,0.0753438726835,0.0184619868359,0.0913758761578,0.0252970596817,0.0131761106698,0.0180087522052,0.00927029002924,0.0603974635691,0.0534878493485,0.047921525977,0.157437655733,0.0144045891193,0.0375298217107
56,V,0.156795922542,F,0.0378399005277,0.0687155140514,0.0823640925623,0.0268945451301,0.0121389552246,0.0378399005277,0.13028929656,0.0299792031547,0.0663246149586,0.0154421894592,0.0929724610795,0.0296554249611,0.0138634596076,0.017928444977,0.0100087382771,0.0611912974606,0.0583989998078,0.0464757452777,0.156795922542,0.0134071622721,0.0293140321097
57,G,0.192176470525,A,0.0494195510351,0.0494195510351,0.0848375245005,0.0450082996551,0.011361924668,0.0325567527013,0.192176470525,0.0403706724811,0.0386969531938,0.015596031254,0.0557123446567,0.0256636474228,0.0247807061918,0.0236804599245,0.0113643734397,0.0699425560582,0.0865325211814,0.0565859103479,0.0943088405007,0.0123493054749,0.0290551547876
58,G,0.185232915642,V,0.0864254991682,0.0562038068276,0.115447047923,0.0351749892062,0.00703820034146,0.0329859571229,0.185232915642,0.0402743861649,0.0405910676676,0.0130562002912,0.0526317237971,0.0406525400478,0.027057397892,0.0130970757105,0.00846993709164,0.0679032597993,0.0808381218299,0.050836738976,0.0864254991682,0.0132789447032,0.0328041897973
59,G,0.217333369648,Y,0.0280017269457,0.0551552454829,0.131957373157,0.0340907982147,0.00623958088717,0.030805018,0.217333369648,0.0380999217881,0.026996289069,0.010362027134,0.0382259369904,0.0523922824082,0.0295549974265,0.0146931538041,0.008080925215,0.056666544989,0.0828808949562,0.0515792302975,0.0709811025869,0.0159035809993,0.0280017269457
60,G,0.259085732422,D,0.055793958373,0.0392979401031,0.0565600012445,0.055793958373,0.00724854690129,0.0166112021648,0.259085732422,0.0421607113698,0.013185284253,0.0196851886818,0.0197220701415,0.0344936456237,0.0528238857795,0.0228326741024,0.0131535262079,0.0966548946839,0.123864440621,0.0580064553067,0.0294894739327,0.0119349725484,0.02739539554
61,G,0.255886070859,G,0.255886070859,0.0592922601915,0.0487783763597,0.0407366701267,0.00642107382894,0.0355875484651,0.255886070859,0.0370349848793,0.0237961802875,0.0144350828142,0.031585075276,0.0388541223342,0.0346779805488,0.022325604889,0.0102401373542,0.0978967848561,0.0939337250972,0.0496598639058,0.0450507982279,0.0164558382504,0.0373518214482
62,G,0.246607757328,H,0.0344490528476,0.0557063046719,0.0144749978953,0.0621330798281,0.0155706220111,0.0168976646315,0.246607757328,0.0344490528476,0.0126478812085,0.0269567823761,0.0218252807059,0.0290141577864,0.0520572172779,0.0347687346971,0.0170748081901,0.125322221078,0.107924803449,0.0607363380575,0.0261920004699,0.0135448242434,0.0260954712475
63,G,0.25546494159,A,0.0212334818986,0.0212334818986,0.00087821037276,0.0808876660253,0.0363244559735,0.00446289617072,0.25546494159,0.02505169354,0.00313704027941,0.0654713518532,0.0097300673063,0.00900626637786,0.0957922774152,0.0650686670466,0.0399168600041,0.112715567461,0.10564376878,0.0487744341296,0.00565178075746,0.00402798591749,0.0107605871006
64,G,0.251336703116,G,0.251336703116,0.062613307425,0.0203979371166,0.0509979644078,0.0141470993829,0.0332470935718,0.251336703116,0.0377717627652,0.0196613119089,0.0213354792129,0.0407621650375,0.0300530145121,0.0446474090835,0.028974245613,0.0162384249745,0.104079207547,0.0970823313585,0.0510002421771,0.0364607442612,0.012764143181,0.0264294133476
65,G,0.215986766284,S,0.0930381195386,0.0592360814129,0.019802893262,0.0445701264212,0.0148869820385,0.0307423978879,0.215986766284,0.0413268882746,0.0184698763865,0.0304520795305,0.034329541504,0.0333138834245,0.0446551121923,0.0288085685172,0.0175921249429,0.136019310051,0.0930381195386,0.0589698163723,0.0357386007401,0.0153801017864,0.0266807294324
66,G,0.257871181351,Q,0.0348504190667,0.0312179291587,0.00225263794194,0.0826306998131,0.0415993715802,0.00739988973897,0.257871181351,0.0286264249612,0.00464225970169,0.0544276328387,0.0127998353947,0.0147413561906,0.0629325492386,0.0577530322778,0.0348504190667,0.120939493039,0.104576776741,0.0515930607533,0.010315159124,0.00753769810728,0.0112925929804
67,G,0.244762816382,V,0.0507280910125,0.0716938512734,0.0458516606599,0.0436863481841,0.0134249888318,0.0276056231392,0.244762816382,0.0440558518285,0.0235300138425,0.0166480257099,0.0403290422158,0.0443638558789,0.0309986788712,0.024846536774,0.0133035116901,0.0956186710993,0.072454830526,0.0469319643509,0.0507280910125,0.0215389750147,0.0276266627156
68,G,0.286597838389,A,0.0531966110805,0.0531966110805,0.0605671564763,0.042835989362,0.00797327622972,0.0288657537206,0.286597838389,0.0483823816454,0.0195007060703,0.0149271655017,0.0279385766536,0.0413370679693,0.0386730700493,0.0208340338674,0.0101087493793,0.078519872349,0.0778732694388,0.0520928073349,0.0442570643541,0.0156787377137,0.0298398724151
69,G,0.262526645534,K,0.0621431045338,0.0284691855516,0.00168570215231,0.0731826777019,0.0300471256496,0.00498557807617,0.262526645534,0.0373594905003,0.00385380559661,0.0621431045338,0.0107617885871,0.0139820832529,0.0702084368505,0.0449497125638,0.0404298880853,0.12985594493,0.106569391085,0.0556454679221,0.00900159523826,0.00387297314975,0.010469403039
70,G,0.1993496184,Y,0.0267420100011,0.0678753403027,0.0117604666612,0.0510532899162,0.0220331058199,0.0341914674108,0.1993496184,0.0490483029127,0.033222064191,0.0293344598689,0.0474784252621,0.0373405978003,0.0363928955421,0.0329064865367,0.0226560461911,0.0880267509276,0.0858878482263,0.0610975590718,0.0520167858552,0.0115864791024,0.0267420100011
71,G,0.183893571838,C,0.0203753032119,0.0662022471432,0.0203753032119,0.0434564519748,0.0140122062153,0.0544535100147,0.183893571838,0.0454777652417,0.0485367551849,0.0166842862336,0.0564783879117,0.0392601517314,0.0258404390846,0.0236554449306,0.0152752755542,0.0789344107277,0.0902847446558,0.0566715710149,0.0753182730091,0.0109377742154,0.0342514301062
72,G,0.251866769233,C,0.0052923149487,0.0557059384117,0.0052923149487,0.0570522095385,0.0303050247887,0.0263162351575,0.251866769233,0.036934107386,0.0226519397583,0.0307271308411,0.0366249882117,0.034188485924,0.0374143658934,0.0337709496514,0.0269236243589,0.0980384695666,0.0909399720064,0.0564438806104,0.0371170736929,0.0084280597587,0.0232584602625
73,G,0.292550426918,E,0.0552568001689,0.022942684329,0.000437911069562,0.0783712367703,0.0552568001689,0.00404782876695,0.292550426918,0.0295518333299,0.00306741943084,0.0742726484469,0.00832489467001,0.00755529424065,0.0647360836413,0.0599353142212,0.0530613448672,0.0953528201907,0.0921242599011,0.0425771723903,0.00598735329,0.00231321466261,0.00753345869462
74,G,0.212545136847,H,0.0393050543981,0.0535904072023,0.00594165239169,0.0707736054497,0.0471547197321,0.0188425706248,0.212545136847,0.0393050543981,0.0149813473274,0.0545106532869,0.0264700411331,0.0177226407503,0.0595095020497,0.0365469256637,0.0342276338271,0.124358521316,0.0793658311531,0.0523662291517,0.0253476205601,0.00799808644418,0.0184418206915
75,G,0.209021706789,L,0.0486178543137,0.0705133651453,0.0811254832101,0.0276450403922,0.0115981902856,0.0607634841293,0.209021706789,0.0354645450738,0.0456447514754,0.0138364639564,0.0486178543137,0.0219032979543,0.0252704257502,0.0289118616826,0.0115696874081,0.0825209528146,0.057787086411,0.0451581995181,0.0781231302253,0.0157943934134,0.0287300800521
76,G,0.2262382006,L,0.054633657695,0.0661167139387,0.0259981547244,0.0366792008412,0.0243525286647,0.0485765184387,0.2262382006,0.0308166447213,0.0491009014639,0.0280589176946,0.054633657695,0.0266656737472,0.0278269205957,0.0318871635978,0.0176544400636,0.0789456808265,0.0651795300234,0.0468802628662,0.069853760874,0.0137110581412,0.0308240704817
77,G,0.257016933738,D,0.0682450495545,0.0502066327077,0.00639241123934,0.0682450495545,0.0449840463277,0.017556723517,0.257016933738,0.033919913552,0.0168911743991,0.0582866706496,0.0291024146194,0.0167557281994,0.046991796349,0.0485556003135,0.035344704755,0.0948557797838,0.0791542229388,0.0466638345586,0.0232415164748,0.00572197201483,0.0201128743077
78,G,0.229312893882,H,0.0365258970808,0.0621714850648,0.0234423498475,0.044026489287,0.0264197259333,0.0415995838554,0.229312893882,0.0365258970808,0.0415721694326,0.0318170699853,0.0448089122048,0.0219984908596,0.0398908786086,0.0399652709183,0.0156552260974,0.089025025237,0.0698817956488,0.044634074601,0.0495728692226,0.0121839046847,0.0354958875491
79,G,0.204792356183,I,0.0782578555657,0.0697232811423,0.0595225239013,0.0175056558649,0.00861139995715,0.0747313972954,0.204792356183,0.0286706344718,0.0782578555657,0.0114164338608,0.0725613208703,0.021169488205,0.018626654515,0.0240467219179,0.0078506679322,0.0593766485459,0.046706027162,0.0340191937856,0.105583193261,0.0183949863934,0.0384335591697
80,G,0.182341093779,T,0.0475433750499,0.0699481914967,0.0436585623083,0.032102604954,0.0200226816512,0.0612128422106,0.182341093779,0.0367084359543,0.0599717799639,0.0234004381409,0.0699262636216,0.0201985037993,0.0262344801,0.0340727295308,0.0129778397252,0.0752078709032,0.0582784068399,0.0475433750499,0.0743302097933,0.0143434218388,0.037520268339
81,G,0.224810962909,N,0.0566014328638,0.0376598824051,0.00190807907859,0.0628003609212,0.0694299291406,0.0127353625436,0.224810962909,0.0334060069529,0.0103817067506,0.085977909171,0.026315968652,0.0103224316864,0.0566014328638,0.0634067960822,0.0425992995678,0.106754815631,0.0765810567619,0.0418383758629,0.0131771803063,0.00464773427632,0.0186447084371
82,G,0.165007636938,N,0.0222118865772,0.0709863197669,0.040031698539,0.0312225104555,0.017065079597,0.0696051284017,0.165007636938,0.0253836085397,0.063454402594,0.0197036208172,0.0781437322919,0.0245107795366,0.0222118865772,0.0360664492165,0.0130878292715,0.0726325329121,0.0609482076447,0.046737711447,0.0803948779297,0.0192188448533,0.0435871426708
83,G,0.212049091067,Q,0.0507604374551,0.0167922301385,0.000246542629462,0.0750637813399,0.09437345065,0.00365163157412,0.212049091067,0.0114751484889,0.0039370331354,0.138508748457,0.00874138336767,0.00680381668964,0.0783333220651,0.0915059283261,0.0507604374551,0.0771168799925,0.0719257545088,0.0420995983636,0.00419736307619,0.00175865355389,0.0106592051208
84,G,0.242947525236,D,0.0763672894713,0.0513929075006,0.0072042577036,0.0763672894713,0.0417127275677,0.0172513909558,0.242947525236,0.0257220579308,0.0190939073333,0.0471584077903,0.0302195103383,0.0192118651716,0.0564492563506,0.0534876735432,0.0279242399148,0.0935767180583,0.0702945228061,0.0587551792915,0.0247887626874,0.00956010418239,0.0268816961662
85,G,0.184131424969,F,0.0606711627413,0.0795329517143,0.0501229409491,0.0270063637908,0.0134879698089,0.0606711627413,0.184131424969,0.0228490994131,0.0732296672456,0.0139202044654,0.0745807648687,0.0299983269555,0.024467052816,0.0242032604799,0.0095818172908,0.057968779934,0.0496479495615,0.0456576237191,0.0907040555522,0.023418682542,0.0448199011827
86,G,0.209221294914,K,0.0571683355013,0.0380476201913,0.00492191733227,0.0852585221862,0.0402759873232,0.0108073153559,0.209221294914,0.032737839252,0.0109709817555,0.0571683355013,0.0273636595899,0.0104919646754,0.0633718419224,0.082367329212,0.0363635602594,0.0964159215315,0.101801450019,0.052354311249,0.0169804082963,0.00529359939407,0.0177861400398
87,G,0.182420481722,G,0.182420481722,0.0504310822146,0.00631651055146,0.0742273222986,0.044383756184,0.0189951202515,0.182420481722,0.0303038068486,0.0210666668947,0.0650482365201,0.0394224984943,0.0178536799772,0.060610902293,0.0681493664133,0.0288767628626,0.0951253879905,0.0857694557581,0.0542775042528,0.0240541112588,0.00654314598356,0.02612420123
88,K,0.202576700116,S,0.065348863131,0.0145511002045,0.000131811581076,0.0981565694763,0.13233989417,0.000856111052936,0.117485877617,0.013046800916,0.00116887162426,0.202576700116,0.00494061182197,0.00321454607565,0.07561102788,0.0843751981806,0.0699316263586,0.0766750667196,0.065348863131,0.033422990374,0.00197792233769,0.000404290656283,0.0037841197065
89,G,0.14755374576,A,0.0166700610161,0.0166700610161,0.000533824786727,0.10510534638,0.0929702591087,0.00243974310049,0.14755374576,0.0184880562163,0.00272011565396,0.147426300184,0.00933423379124,0.00433538359851,0.0742899432209,0.0952250439274,0.0597836946776,0.0814438955179,0.088773055309,0.0405442581648,0.00430489496929,0.00124447368057,0.00681367093714
90,K,0.157765394927,G,0.15516607584,0.0170236436784,0.000236255897052,0.0940061271958,0.111252102129,0.00141877795533,0.15516607584,0.0169413782038,0.00164209180626,0.157765394927,0.0072211984636,0.00419325682076,0.0730005815395,0.081512051684,0.0784714870086,0.0805865950736,0.0754850008204,0.0357212696096,0.00336285788804,0.000618760103057,0.00437509335574
91,G,0.182652013362,A,0.0172363958137,0.0172363958137,0.000837203019546,0.0924710290728,0.0632953602599,0.00509816005199,0.182652013362,0.0283191472376,0.00571276570819,0.12000086145,0.0129308674437,0.00647431212949,0.0766401272465,0.0811802334046,0.0510219029777,0.0814603445041,0.0983445867289,0.0567982249997,0.00719544203052,0.00207452634996,0.0102564962086
92,G,0.197793237864,P,0.0344610022976,0.0734065920759,0.0181832574317,0.0583589075833,0.0324556030109,0.0401741613617,0.197793237864,0.0304740881129,0.0331426872452,0.0350190372687,0.0539955751071,0.0220287232603,0.0334662345874,0.0344610022976,0.020244332533,0.0674733934228,0.0896243621526,0.0634520102491,0.0589790643906,0.00936383976889,0.0279038902758
93,G,0.181886211746,S,0.0796828774855,0.0499085099995,0.00450975177563,0.0774590588826,0.0775544980719,0.016195596818,0.181886211746,0.0267278606776,0.0157362860518,0.0692355311503,0.0281271402057,0.0154494420398,0.0451783204951,0.0703412378965,0.0381939243671,0.0877409171788,0.0796828774855,0.0618605985998,0.0298072273566,0.0066682879454,0.0177367212568
94,G,0.16963272084,V,0.0536537361746,0.0515711328627,0.0109020107266,0.0556323709756,0.0530614392123,0.0301810937236,0.16963272084,0.0274684497675,0.0331466294851,0.0513214007074,0.0542709268479,0.0224341276407,0.0323049300712,0.0471593354798,0.0292325937609,0.0955744799907,0.0781972830341,0.0618342749677,0.0536537361746,0.0165706482018,0.0258504155296
95,G,0.215505435428,E,0.0919926038968,0.0257926425763,0.00124804323314,0.0923219872176,0.0919926038968,0.00630604750649,0.215505435428,0.0265993405821,0.00659706574167,0.096857460747,0.0131362160391,0.00900096844027,0.0712724649521,0.0549696947213,0.0473233098965,0.079954579635,0.0791508584417,0.055613704979,0.0113104115904,0.0043770695075,0.0106700948682
96,G,0.202452940584,N,0.0419812705986,0.0782237219723,0.0150860785663,0.0676483799742,0.0445713659186,0.0332987599605,0.202452940584,0.030854639878,0.030533045969,0.0381830461796,0.0433105869935,0.0246774965094,0.0419812705986,0.0315214770238,0.0230344782792,0.072728014957,0.0691137841504,0.0567236220139,0.0550186733768,0.0128408754535,0.0281977416409
97,G,0.130101217145,V,0.114748381827,0.071651775668,0.0475680014783,0.0199507278876,0.0125995858697,0.0740614255519,0.130101217145,0.0218266258584,0.105907161007,0.0187069003373,0.0906069715692,0.0338810737929,0.0201582313078,0.0161555481366,0.00842112245202,0.0523192209125,0.0397113103633,0.0449477917849,0.114748381827,0.0268224126452,0.0498545144051
98,G,0.189628765319,K,0.0639233941027,0.0536250727314,0.0103342236404,0.0516232973166,0.034419723811,0.0235614273305,0.189628765319,0.0372560527535,0.0318167908766,0.0639233941027,0.0370226477428,0.0192961343824,0.0495952333466,0.0403208575024,0.0242747803693,0.110644400434,0.0708386424033,0.0681549107324,0.043441943938,0.0122201105921,0.0280015906747
99,G,0.19194434948,N,0.0706427333874,0.0422016508143,0.00321760507294,0.0743123092867,0.0497090414743,0.0111908373147,0.19194434948,0.0322436152949,0.0165785725982,0.100357266401,0.0229065058776,0.0164269710363,0.0706427333874,0.0465290353979,0.0351519822596,0.103114487548,0.0775363361151,0.0590061681292,0.0175955284077,0.00700160880316,0.022333395301
100,G,0.147878967239,G,0.147878967239,0.0789250050229,0.038624977905,0.0314340407365,0.0140549091123,0.059274507463,0.147878967239,0.0240974449356,0.0823409728208,0.0265914789989,0.0621036133237,0.030224175128,0.0339944562324,0.025667379191,0.00992353419926,0.0650085914984,0.0583067789402,0.0591843275195,0.0800350901912,0.0164636092797,0.0558661402624
101,G,0.133646572768,I,0.090236418164,0.0766825986259,0.0671764209364,0.0192817826771,0.00863547599495,0.0689265544885,0.133646572768,0.0280210617329,0.090236418164,0.0154512130008,0.0690460568483,0.0261386244208,0.0190924210949,0.0152397324946,0.00716965188983,0.0579901000197,0.0526230853338,0.0561495629021,0.105950669194,0.021343387226,0.0611986101879
102,G,0.240350826121,R,0.104781353647,0.0376489172339,0.00695589701771,0.0600615538724,0.0277388322374,0.0127750719827,0.240350826121,0.0326277567635,0.018034040735,0.0701935263689,0.0189103267344,0.0118671507896,0.0618321395562,0.0557844059341,0.0239153493603,0.104781353647,0.0909131471362,0.0692450962272,0.0191337312414,0.0100798908637,0.0271509861765
103,G,0.162163000068,T,0.0661127534355,0.0708726421285,0.0273117810902,0.0469662927338,0.0210926084867,0.0323063761552,0.162163000068,0.0392346716277,0.0407587189367,0.0400310694619,0.0510254166271,0.0230448396351,0.0402010941897,0.0370932275317,0.0175318678627,0.0970802435208,0.0727888094734,0.0661127534355,0.0505326996115,0.0174368189273,0.0464150684969
104,G,0.134027509253,G,0.134027509253,0.0901288382775,0.0550614836193,0.0369886463545,0.0165954652877,0.051356269976,0.134027509253,0.0372040384801,0.0634498897406,0.0225011840272,0.0682437704354,0.021002098993,0.0263357901603,0.0267483578202,0.010401446145,0.0724082414924,0.0586272109438,0.0564454996528,0.0842792277941,0.0162992144541,0.0518958170931
105,G,0.147535363409,F,0.0525166054263,0.0805538614609,0.0773287474631,0.0298021861495,0.0134912578971,0.0525166054263,0.147535363409,0.035116552391,0.0470536577033,0.0165053855522,0.0573842282231,0.0214778905703,0.02248989306,0.027962858335,0.00974229660609,0.0832447293594,0.0620721358092,0.0627037466353,0.0741450559563,0.02574112434,0.0531324236534
106,G,0.226717859069,L,0.0395576870311,0.0463501987267,0.0268413434569,0.0572646499413,0.0286219590928,0.0235683391096,0.226717859069,0.030925004229,0.025000123565,0.0281037048608,0.0395576870311,0.0195235128305,0.0366311469427,0.0488443733487,0.0195012751919,0.0961529420478,0.0776140350294,0.0648556809238,0.0436011247996,0.0226577238887,0.037667315915
107,G,0.236633380013,E,0.0594633671014,0.0316832604012,0.00366563449707,0.101106898447,0.0594633671014,0.00619110372267,0.236633380013,0.0294596124821,0.00753840292481,0.0667454557323,0.013858687299,0.00862295257743,0.0673200522024,0.0669391573682,0.0377834319564,0.0970778477692,0.0866799038789,0.0495758574545,0.0102732299512,0.00554384707587,0.0138379171458
108,G,0.133387602041,I,0.0653203274481,0.0942580697557,0.0931263621338,0.0343934672806,0.0208524047182,0.0623470703551,0.133387602041,0.0253496492859,0.0653203274481,0.0128191297281,0.0826564994738,0.033487929368,0.0191123837649,0.0188167882183,0.0101731672644,0.0505514825378,0.0431951560886,0.0369494270396,0.0995686674184,0.0294776744684,0.0341567416114
109,G,0.192961583378,D,0.0556249955294,0.0885446911234,0.0654452655629,0.0556249955294,0.024743722946,0.0364124700663,0.192961583378,0.0289625580584,0.0353082223736,0.0178920411226,0.0536393361194,0.0264866104726,0.0299443097913,0.0353547519919,0.0164530427097,0.0687960278364,0.0619316699448,0.0517263684353,0.0571240470132,0.0190318014369,0.0336164840882
110,G,0.23270296194,E,0.0583025646711,0.0453198421847,0.00420482436705,0.0823057711227,0.0583025646711,0.0104998429491,0.23270296194,0.0244993754776,0.0150356954038,0.0636547794913,0.0234090859523,0.0130476610137,0.055786250205,0.0602192057205,0.0382393254754,0.107925856003,0.0714513225397,0.048433940596,0.0167011226171,0.00755173434355,0.0207088379266
111,G,0.162951752626,H,0.0241332236865,0.0811275387219,0.0162121673749,0.0653160430867,0.0527779525731,0.0225127701623,0.162951752626,0.0241332236865,0.0355120266608,0.0564958498128,0.0462107853571,0.0224522124712,0.0563655787876,0.0293653649053,0.0259962925507,0.11161310192,0.0539914404506,0.0420465996267,0.0494611875986,0.0134643314151,0.0319937802121
112,G,0.181720896158,M,0.0214891486747,0.0859940033297,0.0766732116672,0.0301239458002,0.0134342716068,0.057052132508,0.181720896158,0.0308394882629,0.0499781061665,0.0156471193496,0.0702837675046,0.0214891486747,0.0308483642848,0.0270996051158,0.0116242660928,0.0747171715979,0.0534014650566,0.0382053053022,0.0756460331295,0.0167592615414,0.0384624368504
113,G,0.217761822301,R,0.108054736006,0.0701579235157,0.0163488686576,0.0745213695945,0.0409941677227,0.0209977532654,0.217761822301,0.0327017124705,0.0172419112513,0.0558516604467,0.0289537650863,0.0158990935453,0.0542151352733,0.0487400418516,0.0219940303247,0.108054736006,0.0681551444356,0.0470987053588,0.0298182733414,0.0087520363012,0.0217418492508
